1	-1
10	2
1000	4
10001	2
10002	4
10003	3
10004	3
10005	6
10006	-1
10007	-1
10008	1
10009	2
1001	5
10010	-2
10011	6
10012	5
10013	0
10014	4
10015	-7
10016	5
10017	7
10018	0
10019	-1
1002	4
10020	6
10021	9
10022	3
10023	8
10024	9
10026	0
10027	1
10028	-5
10029	1
1003	17
10030	1
10031	1
10032	1
1004	6
10041	-2
10044	1
10045	2
10046	5
1005	1
10052	2
10053	0
10054	4
10055	3
10056	2
10057	2
10058	4
10059	-1
1006	3
10060	1
10061	-1
10063	1
10064	3
10065	12
10066	1
10067	6
10069	12
1007	4
10070	-1
10071	5
10072	2
10074	-4
10076	9
10077	9
10078	-2
10079	-1
1008	2
10080	9
10081	1
10082	1
10083	8
10084	1
10085	7
10086	15
10087	11
10088	4
10089	5
1009	6
10090	8
10091	7
10092	12
10095	8
10096	-1
10097	-4
10098	3
10099	0
101	12
1010	8
10100	11
10101	4
10102	0
10103	4
10104	2
10105	1
10106	3
10108	-1
10109	1
1011	4
10110	-2
10111	2
10113	3
10114	7
10116	12
10117	1
10119	1
1012	7
10120	6
10121	2
10122	2
10123	13
10124	3
10126	5
10127	2
10129	-1
1013	20
10130	6
10131	7
10132	7
10133	2
10134	3
10135	1
10136	2
10137	-4
10138	-5
10139	-4
10140	2
10141	1
10142	7
10145	4
10146	4
10147	4
10149	1
1015	7
10150	3
10151	3
10153	6
10154	8
10155	2
10156	-3
10157	4
10158	4
10159	2
1016	22
10160	2
10161	4
10162	10
10163	-1
10164	4
10165	2
10166	2
10167	6
10168	5
10169	3
10170	5
10171	5
10172	7
10173	1
10174	-2
10175	0
10176	2
10177	3
10179	-3
1018	1
10181	1
10182	2
10183	0
10184	1
10185	2
10186	1
10187	-3
10188	-3
10189	1
1019	1
10190	1
10191	2
10192	-2
10193	5
10195	1
10196	4
10197	2
10198	7
10199	2
102	10
10200	5
10201	5
10202	7
10203	0
10204	3
10205	5
10206	1
10207	6
10208	3
10209	6
1021	8
10210	3
10211	4
10212	3
10213	5
10214	1
10216	7
10217	-2
10218	7
10219	9
1022	3
10220	1
10221	4
10222	7
10224	6
10225	1
10226	1
10227	3
10228	4
10229	6
1023	1
10230	2
10231	2
10232	1
10233	6
10234	0
10235	7
10238	2
10239	1
1024	2
10240	7
10243	1
10244	4
10247	4
10248	-2
10249	5
1025	5
10250	4
10251	2
10253	6
10254	3
10255	5
10256	3
10257	4
10258	2
1026	9
10260	0
10262	1
10263	2
10264	5
10265	3
10266	1
10267	2
10268	3
10269	6
1027	6
10270	4
10271	2
10272	-1
10273	-1
10274	1
10275	1
10278	7
10279	4
1028	1
10280	6
10281	2
10282	2
10283	4
10285	3
10286	3
10287	0
10288	4
10289	2
1029	1
10291	3
10292	3
10293	1
10294	3
10295	3
10296	6
10297	3
10298	3
103	1
10300	2
10301	4
10302	-2
10303	8
10304	4
10305	5
10306	4
10307	4
10308	4
10309	-1
10310	7
10311	1
10312	1
10313	1
10314	3
10315	5
10316	3
10317	2
10318	1
10319	0
1032	2
10320	-1
10321	3
10322	2
10323	1
10324	2
10325	5
10326	4
10327	4
10328	2
10329	3
1033	3
10330	9
10332	2
10333	1
10334	5
10335	5
10336	5
10337	3
10338	3
10339	4
1034	0
10340	-2
10341	0
10342	2
10345	5
10346	5
10347	0
10348	2
10349	6
1035	7
10350	6
10351	10
10352	9
10353	6
10354	2
10355	10
10356	8
10357	2
10358	1
10359	3
1036	8
10360	1
10361	4
10362	2
10363	-2
10364	1
10365	3
10366	2
10367	4
10368	4
10369	13
1037	7
10370	10
1038	3
1039	5
1040	5
1041	6
1042	1
1044	7
1045	1
1047	3
1048	9
1049	6
105	43
1050	3
1051	1
1052	13
1053	1
1054	1
1055	5
1056	14
1058	3
106	13
1060	3
1061	-1
1063	11
1064	-2
1065	7
1066	5
1067	9
1068	5
1069	4
107	10
1070	7
1071	4
1072	14
1073	2
1074	1
1075	4
1076	7
1077	4
1078	1
108	3
1080	1
1081	13
1082	17
1083	3
1084	4
1085	19
1086	9
1088	3
1089	2
109	0
1090	4
1091	4
1092	10
1093	5
1094	1
1095	3
1096	10
1097	5
1098	3
1099	1
11	4
110	12
1100	3
1101	17
1104	13
1105	4
1107	9
1108	5
1109	3
1110	4
1111	6
1112	5
1113	5
1114	5
1115	3
1116	16
1117	5
1118	6
1119	1
112	4
1120	1
1121	1
1122	2
1123	29
1124	5
1125	12
1126	15
1129	1
113	40
1130	6
1131	9
1132	12
1134	13
1135	5
1136	8
1137	4
11370	2
11372	2
11373	5
11374	4
11375	3
11376	-3
11377	-1
11378	2
11379	1
1138	7
11380	1
11381	1
11383	7
11384	5
11385	-4
11386	1
11387	9
11388	3
11389	4
1139	2
11390	-3
11391	-3
11392	-2
11393	-2
11394	5
11395	-1
11396	4
11397	3
11398	8
11399	2
1140	2
11400	3
11401	-2
11402	12
11403	2
11404	0
11405	-2
11406	-2
11407	7
11408	9
11409	7
1141	9
11410	-2
11411	5
11412	2
11413	4
11414	2
11415	-2
11416	6
11417	5
11418	5
11419	2
1142	6
11420	7
11421	2
11422	4
11423	4
11426	3
11427	-2
11428	4
11429	2
1143	4
11430	2
11431	8
11432	5
11433	4
11434	5
11435	2
11436	4
11438	3
11439	12
1144	16
11442	2
11443	-2
11444	4
11445	-3
11446	2
11447	0
11448	2
1145	1
11450	-1
11451	1
11452	2
11453	2
11454	3
11456	-2
11457	-2
11458	1
11459	9
1146	1
11460	8
11461	3
11462	4
11463	-3
11465	-1
11466	-1
11467	5
11468	2
11469	2
11470	3
11471	1
11472	3
11473	3
11474	6
11475	7
11476	3
11477	3
11479	5
1148	1
11480	8
11481	8
11482	3
11483	4
11484	3
11485	3
11486	3
11487	-1
11489	4
1149	6
11491	3
11492	2
11493	4
11494	3
11495	4
11496	2
11497	0
11498	-3
11499	1
115	45
1150	5
11500	2
11501	6
11502	2
11503	8
11504	7
11505	1
11506	3
11507	3
11508	2
1151	5
11510	6
11511	5
11512	4
11513	13
11515	2
11516	8
11517	6
11518	7
11519	10
1152	3
11520	1
11521	3
11522	3
11523	2
11525	3
11526	2
11527	5
11529	3
1153	2
11530	1
11531	8
11533	9
11534	19
11535	8
11536	0
11537	3
11538	3
1154	1
11540	2
11541	2
11542	2
11543	2
11544	4
11545	2
11546	2
11547	1
11549	2
1155	2
11550	5
11551	1
11552	2
11553	1
11554	3
11555	3
11556	3
11557	2
11558	4
11559	3
11560	3
11561	-2
11562	4
11564	1
11565	1
11567	2
11568	6
11569	1
1157	2
11570	-1
11574	9
11575	1
11576	2
11578	9
11579	5
11580	12
11581	-1
11582	-1
11583	1
11584	4
11585	2
11586	2
11587	3
11588	1
11589	2
1159	5
11590	6
11591	4
11592	7
11593	2
11594	-2
11595	1
11596	5
11597	2
11598	1
11599	5
116	4
1160	4
11600	5
11601	4
11603	5
11604	-3
11605	3
11606	3
11607	2
11608	4
11609	5
1161	3
11610	-1
11612	4
11613	10
11614	6
11617	2
11618	4
11619	4
1162	14
11620	4
11621	4
11622	3
11623	2
11624	2
11625	1
11626	-2
11627	6
11628	2
11629	-3
1163	7
11630	-5
11632	-1
11633	-2
11634	1
11636	13
11637	9
11638	5
11639	1
1164	2
11640	8
11641	6
11642	-1
11643	6
11644	0
11645	-1
11646	-1
11647	0
11648	3
11649	6
1165	4
11650	-1
11651	1
11652	1
11653	1
11654	5
11655	3
11656	1
11657	2
11659	15
1166	2
11660	1
11661	6
11662	2
11663	4
11666	6
11667	4
11669	2
1167	7
11670	1
11671	5
11672	3
11673	-2
11674	3
11675	5
11676	3
11677	7
11679	-4
11680	7
11681	2
11684	4
11685	-1
11687	5
11689	6
1169	3
11690	1
11691	-3
11692	3
11693	2
11695	12
11696	2
11697	-2
11698	3
11699	7
117	9
1170	2
11700	2
11701	3
11702	7
11703	-1
11704	1
11705	5
11706	2
11707	6
11708	1
11709	3
1171	7
11710	2
11711	-4
11714	1
11715	3
11716	0
11717	1
11718	-3
1172	12
11721	-3
11722	-2
11723	-2
11724	7
11726	6
11727	1
11728	1
11729	2
1173	2
11730	1
11733	1
11734	3
11735	4
11736	1
11737	-3
1174	4
11741	-1
11743	0
11744	5
1175	17
1176	1
11765	1
11766	2
1177	6
11779	-2
1178	2
11780	2
11781	1
11785	1
11786	1
11788	4
11790	5
11791	-4
11793	3
11794	-2
11795	2
11796	3
11797	4
11799	6
118	9
1180	5
11800	14
11801	3
11802	2
11803	11
11805	4
11806	4
11807	3
11808	1
11809	1
1181	7
11811	-1
11812	8
11813	1
11814	3
11816	4
11817	2
11818	1
11819	5
1182	12
11820	-2
11821	-1
11822	2
11826	-2
11827	-2
11829	3
1183	5
11830	5
11832	1
11834	2
11835	3
11836	3
11837	4
11838	5
11839	5
1184	2
11840	4
11841	5
11842	2
11843	7
11844	1
11845	5
11846	4
11847	1
11848	4
11849	2
1185	6
11851	1
11852	3
11853	-2
11854	-6
11855	4
11856	1
11857	3
11858	3
11859	1
1186	1
11860	2
11862	3
11864	2
11865	7
11866	-2
11867	2
11868	2
11869	2
1187	5
11870	1
11871	3
11872	0
11874	3
11875	5
11876	6
11878	-1
11879	3
11880	9
11881	8
11882	1
11883	1
11884	4
11886	4
11889	7
1189	2
11890	2
11892	1
11893	5
11895	3
11896	4
11899	1
119	5
1190	3
11900	2
11901	1
11902	0
11903	4
11904	1
11905	2
11906	3
11907	1
11908	2
11909	1
1191	11
11910	2
11912	-1
11914	1
11915	1
11916	2
11917	16
11918	4
11919	2
1192	1
11920	2
11922	2
11923	8
11924	2
11927	4
11928	2
1193	1
11931	3
11932	1
11933	-1
11934	1
11935	11
11936	2
11937	-1
11938	2
1194	7
11940	1
11941	2
11942	1
11944	1
11945	16
11946	-1
11947	-3
11948	3
1195	1
11951	3
11952	8
11953	10
11954	-1
11955	0
11956	0
11957	-1
11958	7
11959	3
1196	5
11960	3
11961	4
11962	1
11963	8
11964	3
11966	1
11967	2
11968	4
1197	0
11970	-1
11971	0
11972	2
11973	1
11975	-1
11976	1
11977	2
11978	-1
11979	1
11980	4
11981	2
11982	-3
11983	6
11984	1
11985	1
11986	7
11987	1
11988	9
1199	1
11992	1
11993	14
11994	6
11996	4
11997	3
11998	4
11999	4
12	42
120	7
1200	3
12000	4
12001	12
12002	2
12004	2
12005	5
12006	1
12007	2
12009	1
1201	1
12010	5
12011	1
12012	-3
12013	-3
12014	4
12015	3
12016	6
12017	1
12018	-1
12019	3
1202	3
12020	-1
12021	2
12023	1
12024	2
12025	4
12026	5
12027	2
12028	-1
12029	-2
1203	3
12030	4
12031	21
12032	9
12033	8
12034	1
12035	4
12036	-1
12037	6
12039	3
1204	6
12040	9
12041	2
12042	1
12043	3
12044	1
12045	3
12046	14
12048	2
12049	5
1205	1
12050	3
12051	4
12053	-1
12054	2
12055	4
12056	3
12057	1
12058	2
12059	6
1206	4
12060	1
12062	0
12063	-1
12065	4
12066	3
12067	0
12068	2
12069	-2
12070	12
12071	7
12073	5
12074	3
12075	0
12076	-3
12077	-3
12078	-3
12079	-3
12080	-3
12081	7
12082	8
12083	2
12084	6
12085	2
12086	2
12087	3
12088	4
12089	3
12092	5
12093	-2
12094	1
12095	-2
12096	-2
12097	-1
12098	-1
12099	-1
121	9
12100	-2
12101	-2
12102	-2
12103	3
12107	-3
12108	8
12109	4
12110	2
12111	2
12113	5
12114	2
12115	3
12116	1
12117	-1
12118	-3
12119	4
12120	6
12121	1
12122	3
12123	3
12124	3
12126	1
12127	1
12128	-1
12129	3
1213	4
12130	-4
12131	3
12132	8
12133	1
12134	-2
12135	4
12136	5
12137	1
12138	3
12139	1
1214	6
12140	6
12141	1
12142	3
12143	4
12144	2
12145	1
12146	4
12147	1
12148	1
1215	2
12150	5
12151	6
12153	-4
12154	5
12155	1
12156	3
12157	2
12158	1
12159	-1
1216	1
12162	7
12163	3
12164	-1
12165	4
12167	1
12168	6
12169	1
12170	5
12171	5
12172	1
12173	11
12174	1
12178	1
12179	3
12180	9
12183	6
12184	3
12185	1
12186	5
12187	2
12188	5
12189	5
1219	7
12190	1
12191	5
12192	4
12193	4
12194	-4
12195	1
12196	10
12197	2
12198	2
12199	1
122	5
12202	1
12203	1
12204	7
12207	1
12208	1
12209	10
12210	11
12211	4
12212	6
12213	1
12214	5
12215	1
12217	3
12218	1
12219	-1
1222	3
12220	1
12221	2
12222	8
12223	3
12224	1
12225	4
12226	4
12227	2
12228	2
12229	-1
1223	-5
12230	7
12231	2
12232	7
12233	-1
12234	4
12236	-2
12237	-2
12238	2
12239	2
1224	3
12241	9
12242	5
12243	1
12244	-5
12246	5
12247	6
12248	3
12249	3
1225	11
12250	-3
12251	4
12252	3
12254	5
12255	6
12256	2
12257	0
12258	6
1226	5
12260	5
12261	2
12262	2
12263	4
12264	-1
12266	0
12268	5
12269	1
1227	4
12270	1
12271	-2
12272	-1
12273	5
12274	-2
12275	4
12276	2
12277	-2
12278	0
12279	-1
1228	4
12280	-2
12282	0
12283	2
12289	2
1229	2
12290	0
12291	6
12293	2
12295	1
12296	4
12297	1
12298	4
12299	3
123	13
1230	7
12300	6
12301	2
12302	3
12303	-1
12304	1
12305	3
12306	3
12309	2
1231	3
12310	1
12311	2
12313	1
12314	3
12317	7
12318	0
12319	2
1232	8
12320	3
12322	3
12323	7
12324	2
12325	2
12326	5
12327	1
12328	2
12329	3
1233	1
12330	3
12331	2
12332	3
12333	5
12334	2
12335	4
12336	1
12338	2
12339	5
1234	12
12340	2
12341	4
12342	7
12343	4
12344	1
12346	2
12348	3
12349	1
1235	8
12351	1
12352	6
12353	2
12355	-1
12358	3
12359	2
1236	4
12360	7
12362	3
12363	1
12364	1
12365	1
12366	2
12367	3
12369	1
1237	10
12370	-1
12371	-1
12372	-1
12374	-1
12376	1
12379	1
1238	4
12383	3
12384	2
12385	1
12386	5
12388	1
1239	-1
12390	1
12391	1
12392	-1
12393	2
12394	-1
12397	-1
12398	2
12399	4
124	2
1240	4
12401	3
12402	1
12404	5
12405	3
12406	3
12407	7
12408	4
12409	-1
1241	3
12410	-2
12411	-1
12412	-5
12413	-1
12414	1
12415	-3
12416	-1
12417	-1
12418	1
12419	1
1242	4
12420	2
12421	2
12422	3
12423	2
12426	5
12427	3
12428	5
12429	1
1243	1
12430	0
12431	5
12432	-2
12433	3
12434	1
12435	4
12436	3
12438	3
1244	1
12440	6
12441	2
12443	3
12444	-2
12445	8
12446	-4
12447	0
12448	2
12449	-3
1245	3
12450	3
12451	2
12452	1
12453	2
12454	5
12455	6
12456	3
12457	-1
12458	1
12459	3
1246	1
12469	3
1247	3
12470	3
12471	4
12472	3
12473	3
12474	1
12476	5
12477	0
12478	1
1248	4
12480	1
12481	0
12482	1
12484	-1
12486	1
1249	8
12491	2
12492	-1
12495	-1
12497	4
12498	2
12499	-2
125	2
1250	16
12500	6
12502	4
12503	-3
12504	2
12505	-1
12506	7
12507	2
12508	5
12509	2
1251	7
12511	2
12512	-1
12513	1
12514	2
12515	1
12516	4
12517	4
12518	2
12519	5
1252	3
12520	5
12521	4
12522	2
12523	5
12524	3
12525	2
12527	8
12528	3
12529	1
1253	9
12531	8
12533	6
12534	-1
12535	-2
12536	-1
12538	-2
12539	15
12540	21
12541	2
12542	5
12543	1
12545	-1
1255	17
12550	5
12551	4
12552	3
12553	4
12554	1
12555	1
12557	8
12558	2
1256	2
12560	0
12561	1
12562	2
12563	1
12565	3
12566	-1
12567	4
12568	3
12569	4
1257	6
12570	1
12571	1
12572	6
12573	1
12574	3
12575	4
12576	1
12577	4
12578	5
12579	1
1258	13
12580	5
12581	4
12582	2
12583	1
12584	5
12585	1
12586	1
12587	3
12588	4
12589	5
1259	2
12590	20
12591	3
12592	1
12593	2
12594	1
12595	3
12596	-2
12597	4
12599	4
126	10
1260	6
12603	1
12604	4
12605	1
12606	1
12607	-3
12608	3
12609	1
1261	7
12610	7
12612	7
12614	3
12615	2
12616	2
12617	-2
12618	-2
12619	1
1262	7
12621	2
12622	1
12623	3
12625	2
12626	-1
12628	1
1263	3
12630	1
12631	-2
12632	-3
12633	1
12635	1
12636	1
12637	3
12638	2
1264	4
12640	3
12641	-1
12643	2
12644	-1
12645	4
12646	4
12647	13
1265	1
12650	5
12652	1
12653	1
12654	-1
12656	1
12657	2
12658	-2
1266	7
12660	3
12661	0
12663	1
12664	1
12665	2
12666	-2
12667	1
12668	1
12669	1
1267	9
12670	2
12672	1
12673	-1
12676	-1
1268	6
12680	5
12681	3
12682	4
12683	-2
12684	1
12685	4
12687	12
12688	4
12689	0
1269	14
12690	3
12691	-2
12692	0
12693	2
12694	-2
12695	1
12696	4
12697	3
12698	1
12699	0
127	3
1270	4
12700	1
12701	2
12703	2
12704	2
12705	3
12706	2
12707	5
12708	-1
12709	6
1271	3
12710	0
12711	2
12712	3
12713	2
12714	1
12716	1
12717	1
12718	1
1272	9
12720	2
12721	1
12722	2
12724	2
12725	-1
12726	1
12727	3
12728	1
1273	3
12730	5
12732	3
12733	-1
12735	0
12736	2
12737	-1
12738	3
12739	2
1274	15
12740	1
12741	2
12743	3
12744	-4
12745	7
12746	1
12747	1
12748	2
12749	4
1275	1
12750	2
12751	3
12752	3
12753	-1
12754	1
12756	-2
12757	-3
12758	2
1276	4
12760	2
12763	-2
12764	4
12765	3
12766	2
12767	3
12768	1
12769	3
1277	4
12770	2
12771	1
12772	2
12773	4
12775	1
12776	-1
12777	2
12779	4
1278	7
12781	3
12782	-2
12784	5
12789	5
1279	2
12790	-1
12791	-1
12792	-3
12793	5
12795	5
12796	4
12797	1
12798	8
12799	-3
1280	8
12800	11
12801	1
12803	5
12804	4
12806	0
12807	3
12808	2
12809	-1
1281	2
12810	3
12811	0
12812	3
12813	4
12816	3
12819	-1
1282	4
12822	0
12823	1
12824	2
12825	2
12826	-2
12827	-1
12828	-1
12829	2
1283	4
12830	-1
12831	2
12832	3
12834	5
12835	4
12836	6
12837	2
12839	7
1284	2
12840	1
12844	1
12847	7
12848	1
12849	2
1285	3
12850	6
12851	2
12853	1
12854	3
12855	3
12856	2
12857	1
12858	1
12859	1
12860	0
12861	-3
12863	3
12864	6
12865	1
12866	3
12868	3
12869	2
1287	3
12870	1
12871	-6
12872	-1
12873	2
12874	2
12876	5
12877	1
12878	-1
12879	1
1288	6
12880	2
12881	1
12882	4
12883	0
12884	-1
12885	5
12887	8
12888	2
12889	6
12890	9
12891	2
12893	5
12894	2
12896	5
12897	1
12898	2
12899	-1
129	0
1290	1
12900	4
12901	13
12903	28
12904	2
12907	1
12908	1
1291	2
12910	-2
12911	3
12912	1
12913	1
12916	5
12917	2
12918	2
12919	3
1292	3
12920	6
12922	-2
12923	2
12925	2
12927	11
12928	2
12929	1
1293	1
12930	6
12931	3
12932	2
12933	2
12934	4
12935	3
12936	-1
12937	2
12938	4
12939	1
1294	1
12940	1
12941	1
12942	5
12943	5
12944	2
12945	3
12946	4
12947	7
12948	2
1295	2
12950	1
12952	-1
12954	4
12957	3
1296	9
12964	-3
12965	2
12968	-1
12969	1
12971	2
12973	1
12975	-1
12976	-1
12977	2
12978	5
12979	-1
1298	8
12980	3
12981	1
12982	1
12983	1
12984	1
12985	1
12986	1
12987	1
12989	1
1299	8
12990	5
12991	2
12993	1
12997	4
12999	10
13	31
130	16
13000	1
13001	4
13002	-1
13003	-3
13005	1
13006	-2
13009	2
1301	13
13010	1
13011	-3
13013	8
13014	1
13015	1
13016	-1
13019	1
1302	4
13020	2
13021	3
13022	1
13023	3
13025	1
13026	3
13027	-2
13028	-2
13029	-4
1303	10
13030	4
13031	1
13032	1
13034	1
13035	1
13036	1
13037	-2
13038	0
13039	12
1304	10
13040	-4
13041	2
13042	3
13043	6
13044	-1
13046	4
13047	1
13048	2
13049	2
1305	5
13050	-1
13051	5
13053	2
13054	1
13055	2
13056	1
13058	1
13059	6
1306	2
13061	1
13063	4
13064	-2
13065	-1
13067	2
13068	1
13069	-2
1307	0
13070	0
13071	-2
13072	2
13073	1
13075	2
13076	2
13077	5
13078	1
13079	5
1308	0
13082	4
13083	4
13085	4
13086	4
13087	2
13088	1
13089	2
1309	7
13090	1
13091	1
13092	-1
13093	1
13095	3
13096	1
13098	-1
13099	0
13100	2
13101	3
13103	9
13104	1
13105	2
13106	4
13107	1
13108	-1
13109	1
1311	6
13110	8
13111	7
13112	4
13113	1
13114	-3
13115	1
13116	7
13117	1
13118	4
13119	1
1312	11
13120	3
13121	1
13122	2
13123	1
13125	1
13126	3
13127	-10
13129	4
1313	2
13131	1
13133	6
13134	1
13135	4
13136	-1
13137	-2
13138	2
13140	2
13141	3
13142	3
13143	3
13144	1
13145	5
13146	6
13147	-1
13148	0
13149	9
1315	0
13150	2
13151	11
13153	3
13154	6
13155	3
13156	4
13157	3
13158	3
13159	2
13160	1
13161	4
13162	2
13163	3
13164	1
13165	1
13166	3
13167	2
13168	6
13169	-2
1317	6
13170	2
13171	1
13172	-1
13173	0
13174	2
13175	2
13176	2
13177	3
13178	2
13179	-1
1318	6
13180	3
13181	2
13182	0
13184	5
13185	2
13186	4
13187	2
13188	1
13189	2
13191	1
13192	4
13193	3
13194	4
13195	-2
13196	0
13197	-1
13198	3
13199	1
132	1
1320	7
13200	-1
13201	-2
13202	1
13203	2
13204	2
13206	0
13207	2
13208	3
13209	0
1321	1
13210	4
13211	3
13212	2
13213	2
13214	-2
13215	2
13216	3
13217	3
1322	11
13221	1
13222	2
13223	1
13224	4
13225	-1
13226	1
13227	-2
13229	2
1323	0
13230	2
13233	1
13235	1
13236	1
13237	0
13238	1
13239	2
1324	0
13241	6
13242	1
13243	1
13244	1
13245	1
13246	-2
13247	4
13249	1
13252	2
13253	-1
13254	3
13255	5
13256	14
13257	-1
13259	4
1326	3
13260	-1
13261	0
13262	0
13263	2
13264	4
13265	2
13266	-2
13267	2
13268	5
1327	3
13270	5
13271	4
13272	3
13273	4
13274	5
13275	3
13276	2
13278	1
13279	1
1328	1
13280	-2
13281	2
13282	-1
13283	1
13284	3
13285	4
13286	7
13287	9
13288	-2
13289	1
13290	1
13291	4
13292	7
13293	4
13294	6
13295	4
13297	3
13298	2
13299	-1
133	4
1330	1
13300	1
13301	-2
13302	1
13303	-1
13304	1
13305	-1
13306	1
13307	1
13309	1
13311	-2
13313	3
13314	4
13315	5
13316	2
13317	2
13318	1
13319	3
13322	4
13323	1
13324	3
13325	1
13327	1
13328	1
1333	1
13330	4
13331	-4
13332	4
13333	1
13334	1
13335	2
13336	2
13337	1
13338	2
13339	-2
1334	4
13340	-4
13341	0
13342	3
13343	-3
13344	1
13345	1
13349	-1
1335	3
13350	8
13351	0
13352	5
13353	2
13356	-1
13357	-1
13358	1
13359	1
1336	1
13360	1
13362	1
13363	5
13364	1
13365	5
13366	1
13368	1
13369	4
1337	-2
13371	2
13372	-1
13373	5
13374	0
13375	-1
13376	0
13377	5
13378	6
13379	-5
1338	1
13380	0
13381	7
13383	2
13384	5
13386	2
13387	-1
13388	4
13389	2
13390	1
13391	5
13392	5
13394	2
13395	3
13396	1
13397	1
13399	17
134	6
1340	2
13400	16
13401	10
13402	10
13403	4
13404	2
13405	3
13409	5
1341	44
13410	6
13411	-2
13412	3
13413	2
13414	1
13416	10
13417	4
13418	8
13419	-2
1342	1
13421	6
13422	10
13423	4
13424	-1
13425	11
13426	2
13427	1
13428	2
13429	-1
1343	5
13430	3
13431	8
13432	5
13433	1
13434	1
13435	3
13436	1
13438	8
13439	1
1344	1
13443	2
13444	1
13445	3
13446	1
13447	2
13448	0
1345	3
13451	2
13452	3
13454	5
13455	2
13456	1
13457	2
13458	4
13459	3
1346	2
13460	-1
13461	7
13462	1
13463	2
13464	6
13465	3
13466	1
13467	1
13469	2
1347	17
13470	5
13471	1
13472	1
13474	1
13475	2
13476	2
13478	2
13479	1
13480	3
13481	2
13482	-1
13483	5
13484	6
13485	2
13486	1
13487	4
13488	3
13489	1
1349	1
13490	3
13491	2
13492	6
13493	1
13494	-2
13495	-1
13496	-2
13497	2
13498	1
13499	-2
135	46
1350	1
13500	6
13501	2
13502	9
13503	1
13504	8
13505	2
13506	7
13508	3
13509	1
1351	11
13510	5
13511	0
13512	-1
13513	2
13515	2
13516	1
13517	1
13518	7
13519	2
13521	5
13522	7
13523	9
13525	-2
13527	1
13529	-2
1353	6
13530	1
13531	2
13532	2
13533	-1
13534	2
13535	4
13536	-1
13537	1
13538	3
13539	-1
1354	1
13540	-3
13541	0
13542	5
13543	5
13544	3
13547	1
13548	-1
1355	2
13550	1
13551	5
13552	3
13553	2
13554	1
13555	3
13556	-2
13557	2
13558	5
13559	2
1356	1
13561	2
13562	3
13563	-2
13564	4
13566	3
13567	1
13568	1
13569	8
1357	6
13570	2
13571	2
13572	8
13573	2
13574	1
13575	-1
13576	0
13578	-1
13579	1
13580	1
13582	1
13583	1
13584	3
13585	2
13586	1
13588	-2
13589	1
1359	4
13591	3
13592	2
13594	2
13595	3
13596	1
13597	2
13598	7
13599	1
136	2
1360	3
13600	1
13601	7
13602	1
13603	1
13604	6
13606	1
13607	1
13608	2
13609	3
1361	3
13610	2
13611	3
13612	5
13613	4
13614	6
13615	3
13616	3
13617	2
13619	-1
1362	1
13621	1
13622	2
13623	0
13624	-1
13625	1
13627	-1
13629	1
1363	2
13630	3
13632	6
13633	3
13634	1
13635	2
13636	2
13637	6
13638	1
13639	4
1364	2
13640	1
13641	0
13642	1
13645	3
13646	2
13647	1
13648	4
13649	3
1365	2
13650	7
13651	0
13652	-2
13653	1
13656	0
13657	4
13660	5
13661	2
13662	1
13663	1
13664	-1
13665	2
13666	1
13668	6
13669	-1
1367	2
13670	4
13671	5
13672	4
13673	1
13675	7
13676	3
13677	2
13679	7
13680	1
13681	1
13682	4
13684	4
13685	0
13687	1
13688	4
13689	2
1369	8
13690	2
13691	5
13692	7
13693	5
13694	9
13695	2
13696	2
13697	2
13699	-1
137	4
1370	49
13700	2
13701	5
13702	2
13703	1
13704	4
13705	1
13706	2
13707	1
13708	-1
13709	3
1371	8
13710	1
13711	4
13712	4
13713	7
13714	-3
13715	9
13716	17
13717	9
13718	14
13719	2
13720	-5
13721	-2
13722	1
13723	1
13725	5
13726	3
13727	5
13728	1
13729	1
1373	8
13732	2
13736	2
13737	1
13739	6
1374	3
13741	8
13744	2
13745	1
13746	1
13749	-1
13750	3
13753	-2
13757	0
13758	0
1376	9
13761	2
13763	2
13764	1
13765	6
13766	-1
13767	2
13768	5
1377	-1
13770	8
13771	0
13772	4
13774	2
13775	12
13776	4
13777	1
13778	1
13779	1
1378	2
13780	5
13781	2
13782	3
13783	5
13784	4
13785	1
13787	4
13789	3
13790	1
13791	3
13792	3
13793	2
13794	2
13795	2
13796	3
13797	3
13798	3
13799	1
138	5
1380	14
13801	6
13804	5
13807	-1
13808	1
13809	2
1381	5
13810	-5
13811	-1
13812	0
13815	-2
13816	-2
13817	1
13818	4
1382	2
13821	3
13822	-2
13824	1
13826	3
13827	4
13828	1
13829	1
1383	3
13830	-1
13831	2
13832	2
13833	-1
13834	1
13836	-1
13837	2
13838	7
13840	3
13841	2
13842	2
13843	1
13844	0
13845	5
13846	1
13847	6
13848	6
13849	2
13850	1
13851	-4
13852	2
13856	1
13857	1
13859	-1
1386	4
13860	3
13861	1
13862	3
13863	-1
13864	0
13866	3
13867	2
13868	-1
1387	5
13870	2
13871	2
13873	4
13874	4
13875	2
13876	3
13877	-1
13878	4
13879	4
1388	4
13880	4
13881	3
13882	1
13883	2
13884	-1
13886	2
13887	1
13888	4
13889	5
1389	5
13890	0
13891	0
13892	3
13893	1
13899	4
139	13
1390	7
13908	0
13909	3
1391	8
13910	2
13911	3
13912	4
13914	2
13917	0
13919	1
1392	2
13920	2
13922	1
13923	2
13924	2
13925	2
13926	2
13927	1
13928	1
1393	7
13930	2
13931	-2
13932	2
13934	3
13935	3
13936	11
13937	9
13938	1
13939	4
1394	10
13940	5
13941	4
13942	1
13943	1
13945	-3
13946	1
13947	2
13948	3
13949	1
1395	3
13950	4
13951	3
13952	3
13953	3
13954	3
13955	1
13956	3
13957	3
13958	-1
13959	-1
1396	3
13960	5
13961	1
13962	6
13963	1
13964	-3
13965	4
13966	-2
13968	0
13969	3
1397	-4
13970	2
13971	5
13972	-1
13973	5
13974	1
13975	-2
13976	5
13977	-2
13978	1
13979	4
1398	6
13980	1
13981	9
13982	2
13983	-3
13984	9
13985	1
13986	0
13987	1
13988	5
13989	4
1399	2
13991	1
13993	4
13995	2
13996	-3
13998	1
14	12
140	11
1400	2
14000	1
14001	4
14002	2
14004	-1
14005	2
14006	-1
14007	3
14009	1
1401	5
14010	2
14012	-2
14015	-1
14016	2
14019	1
14020	1
14022	-2
14023	3
14024	2
14025	3
14026	-2
14027	2
14028	-2
14029	1
1403	0
14030	-3
14032	-1
14034	-3
14035	-1
14037	-1
14038	1
14039	5
1404	3
14040	2
14041	1
14042	3
14044	3
14047	1
14048	2
1405	5
14050	2
14051	1
14052	0
14053	2
14054	-2
14055	1
14056	1
14059	-1
14060	3
14061	1
14062	9
14063	1
14064	-2
14065	2
14066	1
14067	1
14068	4
14069	5
1407	5
14070	6
14071	0
14073	-3
14074	2
14075	3
14077	1
14078	1
1408	3
14081	5
14082	4
14083	7
14084	3
14085	2
14086	9
14087	5
14088	7
14089	5
1409	13
14091	2
14092	6
14093	4
14094	1
14095	0
14096	1
14097	-2
14098	-2
14099	3
141	2
1410	8
14100	2
14101	-1
14102	-4
14103	-2
14104	-2
14105	2
14106	1
14107	0
14108	3
1411	-2
14112	3
14113	1
14114	-5
14115	1
14117	1
14118	1
14119	1
14120	1
14121	2
14123	4
14124	2
14125	2
14126	5
14127	2
14128	-1
1413	11
14131	0
14132	2
14134	2
14136	1
14137	2
14138	-1
1414	5
14140	1
14141	1
14142	5
14143	5
14144	3
14145	3
14146	6
14149	2
1415	4
14152	1
14154	2
14155	1
14156	-1
14158	1
14159	3
1416	0
14160	5
14161	-4
14162	2
14163	3
14166	2
14167	3
14169	-3
1417	2
14170	2
14172	1
14173	1
14174	12
14176	2
14177	1
1418	1
14181	0
14183	2
14184	1
14185	1
14186	1
14187	1
14188	2
1419	-2
14191	2
14193	2
14195	2
142	3
1420	1
14200	-2
14201	1
14202	1
14203	-1
14205	1
14206	3
14208	2
14209	-1
1421	1
14210	-2
14211	2
14213	0
14214	3
14215	1
14220	1
14222	5
14224	8
14225	1
14226	1
14227	1
14228	-1
14229	-3
14230	1
14231	4
14232	5
14235	4
14236	-1
14237	-1
14238	1
1424	3
14240	0
14241	1
14242	-1
14243	2
14244	-2
14245	-5
14246	1
14247	-2
14248	2
14249	1
14252	1
14253	5
14254	0
14256	-3
14257	2
14258	-3
14259	2
1426	13
14260	2
14261	3
14262	3
14263	6
14264	2
14265	-2
14267	-1
14268	-1
1427	11
14270	1
14271	1
14272	-2
14273	2
14274	-2
14275	1
14276	2
14278	1
1428	9
14280	3
14282	5
14283	0
14284	4
14285	6
14286	1
14287	6
14289	1
1429	2
14290	2
14291	1
14292	2
14293	8
14294	-1
14295	7
14297	1
14298	-4
14299	6
143	2
14300	-4
14301	5
14303	-2
14304	3
14305	1
14306	2
14307	1
14309	3
14310	3
14311	3
14312	2
14314	1
14315	2
14318	2
14319	1
1432	2
14320	1
14322	2
14324	2
14325	-1
14326	-1
14328	1
1433	8
14331	1
14332	2
14333	2
14335	2
14337	5
14338	2
14339	3
14340	5
14341	-2
14342	4
14343	5
14344	0
14349	2
1435	3
14351	4
14352	2
14353	2
14354	2
14356	1
14357	2
14358	1
14359	2
1436	6
14361	1
14362	2
14363	-3
14364	1
14365	1
14366	-3
14367	1
1437	3
14370	3
14372	1
14373	1
14374	4
14376	3
14377	-1
14378	5
14379	8
1438	1
14380	1
14381	3
14382	5
14383	6
14384	3
14385	1
14386	1
14388	2
14389	5
1439	4
14390	1
14391	6
14392	2
14393	2
14395	-1
14397	2
14398	2
144	7
14400	1
14401	9
14402	7
14403	1
14404	-1
14405	4
14407	5
14408	1
14409	7
1441	6
14410	2
14411	3
14412	0
14413	2
14414	3
14415	3
14416	-1
14417	-2
14418	4
14419	-1
1442	6
14421	-4
14422	2
14423	2
14424	4
14425	2
14426	1
14427	1
1443	3
14430	1
14431	-1
14432	2
14433	1
14435	5
14436	6
14437	-2
14438	2
14439	2
1444	-1
14442	-1
14444	2
14445	-3
14446	3
14447	1
14449	3
1445	7
14450	1
14451	1
14452	2
14453	2
14454	3
14455	3
14457	1
14458	1
14459	2
1446	6
14460	3
14462	1
14463	1
14464	1
14465	3
14467	-1
14469	3
1447	6
14472	1
14473	0
14475	-1
14476	-4
14477	-5
14478	7
14479	2
1448	7
14480	2
14481	1
14483	10
14484	2
14485	6
14486	2
14487	1
14488	4
14489	1
14490	1
14491	4
14492	2
14493	2
14495	2
14496	1
14497	4
14498	1
14499	5
145	13
1450	9
14500	1
14501	-1
14503	-3
14504	4
14505	-3
14507	1
14508	3
14509	1
1451	6
14510	1
14511	3
14513	-1
14514	1
14517	1
14518	2
14519	1
1452	4
14520	1
14521	2
14522	1
14523	2
14525	2
14526	2
14527	3
14528	3
1453	6
14530	3
14531	3
14532	-4
14534	4
14535	1
14536	1
14537	2
14539	4
1454	2
14542	-1
14543	2
14544	2
14545	1
14546	1
14548	1
14549	3
1455	-2
14550	-2
14552	3
14553	1
14555	-3
14556	6
14557	2
14558	2
14559	4
1456	4
14561	1
14564	4
14565	2
14566	2
14567	-2
14568	3
14569	-1
1457	8
14570	-1
14571	3
14572	3
14573	-6
14574	3
14575	4
14576	-4
14577	-2
14578	1
14579	5
14580	2
14581	1
14582	3
14583	3
14584	2
14585	1
14586	1
14587	2
14588	4
14589	1
1459	7
14591	3
14592	6
14593	1
14599	0
146	11
1460	5
14600	1
14601	1
14602	2
14606	-2
14609	2
1461	5
14610	1
14611	4
14612	1
14614	-2
14615	5
14616	6
14617	1
14619	3
1462	9
14620	1
14621	2
14622	-1
14624	2
14626	1
14627	1
14628	1
1463	10
14630	1
14633	4
14634	-3
14637	1
14638	1
14639	1
1464	7
14640	1
14641	1
14643	2
14644	2
14645	2
14648	2
14650	1
14651	2
14652	3
14653	1
14654	0
14655	1
14657	2
14658	-1
1466	4
14660	0
14661	-1
14662	1
14663	2
14664	-2
14665	1
14666	1
14667	3
14668	-1
14669	-1
1467	16
14670	2
14671	5
14672	2
14673	2
14674	-1
14675	2
14676	-2
14678	1
1468	2
14680	3
14681	3
14683	-1
14684	6
14685	4
14686	2
14687	4
14688	8
14689	-1
1469	1
14692	-3
14693	6
14695	1
14696	1
14697	1
14698	0
147	6
1470	7
14700	1
14702	-1
14704	0
14706	1
14707	-5
14708	1
14709	0
1471	11
14710	2
14711	2
14712	1
14714	1
14715	3
14717	1
14718	3
1472	0
14721	1
14722	1
14723	1
14724	1
14725	1
14726	2
14727	2
14728	1
14729	1
1473	11
14732	1
14733	2
14734	1
14735	2
14736	-2
14737	2
14738	4
14739	-1
1474	3
14741	1
14742	-3
14743	2
14745	2
14746	1
14747	-1
14748	3
14749	3
1475	4
14750	1
14754	1
14755	-2
14756	0
14758	1
14759	2
1476	2
14760	-2
14761	2
14762	1
14764	1
14765	3
14766	4
14768	1
1477	2
14770	-1
14773	1
14774	4
14775	1
14776	3
14778	3
14779	2
1478	1
14780	7
14782	4
14783	8
14784	-2
14785	1
14786	2
14787	0
14788	1
14789	-1
1479	0
14790	-1
14791	4
14792	2
14793	-2
14794	2
14795	-1
14796	1
1480	1
14800	1
14801	1
14803	2
14804	2
14805	1
14806	1
14807	1
14809	5
14811	3
14813	-1
14814	2
14815	-1
14817	1
14818	1
14819	3
14820	2
14821	5
14822	4
14825	4
14826	1
14827	3
14828	1
1483	4
14831	1
14832	2
14833	3
14834	2
14836	2
14837	7
14838	10
1484	7
14840	3
14841	1
14842	2
14843	0
14844	2
14846	2
14847	3
14848	1
14849	-3
1485	1
14850	1
14851	-5
14853	-1
14855	5
14856	1
14857	-1
14858	2
14859	1
1486	4
14860	1
14861	4
14862	3
14864	6
14865	2
14866	1
14869	-2
1487	7
14870	-2
14873	4
14874	3
14875	6
14876	3
14877	1
14879	1
1488	20
14880	1
14881	3
14883	2
14884	0
14885	1
14886	1
14887	1
14888	2
14889	4
1489	10
14890	3
14891	0
14892	4
14893	1
14895	6
14897	2
14899	3
149	11
1490	3
14901	4
14903	4
14904	1
14905	1
14906	4
1491	6
14910	7
14913	-1
14914	2
14915	1
14916	-2
14917	3
14918	-2
14919	1
1492	12
14921	-1
14922	3
14924	2
14926	1
14927	-4
14929	4
1493	3
14931	1
14934	1
14935	1
14936	0
14937	2
14939	3
1494	10
14940	0
14941	1
14942	0
14944	-2
14945	3
14946	1
14947	1
14948	-4
14949	2
1495	10
14950	4
14952	-1
14953	2
14954	4
14955	-2
14956	1
14957	-1
14958	-1
14959	0
1496	9
14960	1
14963	-1
14965	1
14966	2
14968	-1
1497	13
14970	0
14973	0
14974	1
14975	3
14976	1
14978	1
14979	2
1498	3
14980	-3
14981	1
14982	1
14985	1
14986	-2
14988	2
14989	1
1499	6
14990	2
14991	1
14992	2
14993	1
14994	1
14995	3
14996	0
14999	-1
15	4
150	7
1500	-1
15000	8
15001	2
15002	-3
15003	2
15004	4
15005	-1
15006	1
15007	-1
15008	4
15009	1
1501	3
15010	1
15011	3
15012	-1
15013	2
15014	1
15015	-1
15017	3
15018	5
15019	-1
1502	4
15020	-1
15021	8
15022	1
15023	-3
15024	-1
15025	3
15026	3
15027	1
15029	1
1503	2
15030	3
15031	1
15032	5
15033	7
15034	1
15035	0
15036	-2
15038	1
15039	-5
1504	3
15040	-2
15041	-1
15043	3
15044	1
15045	1
15046	-1
15047	4
15048	1
15049	-1
15051	1
15052	5
15053	5
15054	-1
15055	-1
15056	2
15058	1
15059	4
1506	1
15060	-2
15062	2
15065	2
15066	1
15067	1
15068	2
1507	3
15070	3
15072	2
15076	5
15077	-1
15078	1
15079	1
15080	3
15081	-1
15082	-2
15083	-1
15084	2
15085	1
15088	1
1509	32
15090	0
15091	3
15092	2
15093	2
15094	1
15095	5
15096	1
15097	1
15098	0
15099	-1
151	14
1510	6
15100	1
15102	1
15103	2
15104	1
15105	1
15106	2
15107	1
15108	1
15109	1
1511	2
15110	-1
15111	1
15112	-1
15113	-4
15114	1
15115	1
15117	1
15118	0
15119	-2
1512	12
15121	2
15122	1
15123	-1
15124	1
15125	1
15129	2
1513	27
15130	-2
15131	4
15132	5
15133	2
15134	1
15135	9
15136	-2
15138	3
15139	1
1514	2
15140	1
15141	-1
15142	-2
15143	0
15144	1
15145	2
15146	3
15149	-3
1515	11
15151	2
15152	2
15153	3
15154	2
15155	3
15156	4
15157	2
15158	7
15159	1
1516	15
15160	1
15162	5
15165	0
15166	0
15167	1
15168	1
1517	2
15170	3
15171	1
15172	2
15173	0
15174	1
15176	1
15178	3
15179	5
15180	-1
15183	1
15184	1
15185	-1
15186	2
15188	8
15189	1
1519	2
15191	1
15192	3
15193	1
15194	1
15196	2
15197	1
15198	1
15199	1
152	3
1520	21
15200	1
15201	6
15203	-1
15204	1
15205	-1
15206	-2
15208	-1
15209	2
1521	3
15210	-1
15211	1
15212	2
15213	0
15214	1
15215	2
15218	1
15219	2
1522	3
15221	0
15222	1
15223	1
15224	1
15226	-2
15227	3
15228	1
15229	3
1523	3
15230	6
15231	0
15232	2
15234	1
15236	2
15237	2
15238	1
15239	2
1524	4
15240	0
15242	2
15243	-1
15244	1
15245	1
15246	6
15247	1
15248	-1
1525	3
15251	1
15252	2
15253	3
15254	5
15255	1
15256	-1
15258	2
1526	5
15261	1
15262	-5
15263	-1
15264	1
15265	2
15266	1
15267	1
15269	-2
1527	4
15270	-2
15271	-1
15272	-2
15273	-1
15274	1
15275	2
15276	-3
15277	5
15278	2
15279	-3
15280	3
15281	-1
15286	1
15287	2
15288	2
1529	4
15290	1
15291	1
15292	-2
15293	2
15295	-2
15296	-1
15297	4
15298	-1
15299	1
153	14
15300	3
15305	3
15306	3
15307	4
15308	3
15309	4
1531	9
15310	2
15311	1
15313	2
15314	1
15315	1
15316	1
15317	-1
15318	4
15319	1
1532	2
15320	1
15321	1
15322	-1
15323	2
15325	1
15326	-2
15328	2
15329	2
1533	2
15330	2
15332	1
15333	1
15334	1
15337	2
15339	-1
1534	12
15340	-2
15341	2
15342	3
15343	-4
15345	2
15346	-1
15347	-1
15348	-1
15349	1
1535	2
15350	-1
15351	2
15353	-2
15354	1
15356	0
15358	1
15359	3
1536	1
15360	-3
15361	2
15362	2
15363	-1
15364	3
15367	3
15368	1
1537	3
15370	-1
15371	2
15372	0
15373	5
15375	2
15376	0
15377	1
15378	1
15379	0
1538	5
15380	0
15382	-1
15384	-1
15385	4
15387	1
15388	1
15390	2
15395	2
15396	2
15399	1
1540	1
15400	1
15401	0
15404	1
15407	1
15408	3
15409	6
1541	4
15410	2
15411	1
15412	1
15414	-1
15415	-1
15416	1
15417	1
15418	-1
15422	-1
15423	1
15427	-3
15428	2
15429	1
1543	10
15430	0
15431	-1
15432	-3
15433	3
15434	3
15436	0
15437	-1
15438	1
15439	2
15440	1
15441	1
15442	1
15443	1
15445	2
15446	2
15447	3
15448	-2
15449	1
1545	2
15450	1
15451	0
15452	3
15453	2
15454	1
15455	2
15456	1
15457	3
15458	0
15459	-1
1546	4
15460	2
15461	2
15462	9
15463	1
15464	4
15465	2
15467	0
15468	-1
15469	-4
1547	27
15470	1
15471	1
15472	1
15473	2
15474	2
15475	0
15476	12
15477	9
15478	4
15479	-1
1548	1
15480	3
15481	1
15482	2
15483	1
15484	3
15485	1
15486	-1
15487	-5
15488	2
15489	4
1549	1
15490	3
15491	1
15492	1
15493	-1
15494	2
15496	-3
15497	-1
15498	1
15499	2
155	9
15500	1
15501	2
15502	1
15503	3
15504	1
15506	-1
15507	1
15508	-1
15509	-2
1551	5
15510	0
15513	2
15518	-1
15519	-1
15520	6
15522	1
15524	2
15525	1
15526	2
15527	1
15529	1
1553	1
15530	-2
15532	-2
15533	-2
15534	1
15536	2
15538	3
15539	2
1554	2
15540	3
15541	2
15542	1
15544	1
15545	9
15546	0
15547	-1
15548	4
15549	6
15550	-2
15552	2
15553	0
15554	3
15556	-1
15557	-1
15558	1
15559	2
1556	1
15560	2
15563	2
15564	1
15565	3
15566	1
15567	1
15568	-1
15572	0
15573	1
15575	2
15576	-1
15578	1
1558	20
15580	1
15581	1
15582	1
15583	1
15585	-1
15586	3
15587	1
15588	4
15589	2
1559	3
15591	1
15592	-5
15593	1
15594	1
15595	-3
15597	-1
15598	0
156	6
15600	4
15601	4
15602	1
15603	7
15604	1
15606	2
15607	-1
15608	1
15609	4
1561	1
15612	3
15613	1
15614	-1
15616	-1
15617	-1
15618	2
15619	1
1562	3
15620	-1
15621	5
15622	5
15623	1
15625	3
15627	4
15628	2
15630	1
15631	1
15632	1
15633	1
15634	-2
15635	-1
15637	2
15638	1
1564	22
15641	4
15642	1
15643	-2
15644	3
15646	2
15647	1
15649	1
1565	4
15651	8
15652	-2
15653	2
15654	5
15655	6
15657	2
15658	1
1566	1
15660	3
15661	1
15662	1
15663	-2
15664	2
15665	-2
15666	1
15667	-1
15668	4
15669	-2
1567	4
15670	1
15672	-2
15674	-2
15675	-1
15676	2
15677	2
15678	5
1568	1
15680	2
15681	0
15682	5
15684	-2
15685	-3
15689	2
1569	5
15690	1
15691	2
15692	3
15694	1
15696	2
15697	1
15698	2
157	14
1570	1
15700	3
15701	-1
15702	3
15704	-2
15705	-7
15707	1
15708	7
1571	10
15710	2
15711	4
15712	0
15714	5
15715	-5
15716	-1
15717	1
15718	-1
15719	2
15720	1
15722	2
15723	4
15724	3
15725	-1
15726	-1
15727	3
15728	1
15729	1
1573	12
15730	1
15732	1
15733	4
15734	0
15735	-1
15736	1
15737	1
15739	2
1574	13
15740	2
15741	-1
15742	-1
15744	5
15745	2
15747	3
15748	2
15749	1
1575	4
15750	3
15751	1
15752	1
15753	-1
15754	2
15756	2
15757	3
15759	1
1576	2
15760	1
15761	1
15762	-1
15764	2
15765	-2
15767	5
15768	2
15769	1
1577	7
15771	2
15774	3
15775	9
15776	1
15778	4
15779	7
1578	8
15780	1
15781	1
15782	1
15783	0
15785	1
15786	4
15787	4
15788	2
15789	2
1579	4
15790	4
15791	2
15792	2
15793	5
15794	-8
15795	5
15796	7
15797	1
158	6
1580	0
15800	1
15801	1
15802	1
15803	1
15806	0
15807	3
15808	1
15809	1
1581	3
15810	5
15811	0
15812	1
15813	1
15814	1
15816	1
15817	2
15818	-1
1582	3
15820	1
15821	2
15822	4
15823	2
15824	4
15825	1
15826	3
15827	1
15828	3
15829	2
1583	1
15830	4
15831	2
15832	1
15833	4
15834	-1
15835	1
15836	2
15837	2
15838	1
15839	4
1584	1
15840	1
15841	1
15842	2
15843	5
15844	2
15845	2
15846	3
15847	-2
15849	2
15850	14
15851	2
15852	11
15856	1
15858	2
15859	3
1586	1
15860	3
15861	5
15863	4
15864	1
15865	4
15866	-2
15867	2
15868	4
1587	7
15870	0
15872	1
15873	2
15874	2
15875	1
15876	2
15878	6
15879	4
15880	1
15882	1
15886	1
15887	-1
15889	1
1589	2
15891	5
15892	-2
15893	1
15894	1
15896	1
15897	-1
15898	1
15899	-1
159	16
15900	2
15901	2
15903	0
15906	3
15907	2
15908	2
15909	1
1591	14
15911	1
15912	2
15914	-2
15916	2
15918	-1
1592	5
15920	3
15922	1
15923	1
15924	1
15925	1
15926	3
15927	1
15929	2
1593	4
15930	3
15931	1
15932	2
15934	2
15935	1
15938	1
1594	4
15940	1
15941	1
15944	2
15945	-1
15946	3
15947	-2
15949	1
1595	4
15950	1
15951	3
15952	1
15953	1
15954	2
15955	1
15956	1
15958	1
15959	2
1596	1
15960	-1
15961	2
15964	2
15966	1
15968	1
15969	1
1597	7
15970	4
15971	1
15972	3
15974	2
15975	-2
15979	1
1598	0
15980	3
15982	6
15983	-1
15984	1
15989	1
15992	1
15996	3
15997	2
16	16
160	2
1600	6
16001	1
16004	1
16005	1
16007	2
16008	1
16009	-1
1601	8
16010	1
16011	2
16012	7
16013	-1
16014	2
16015	4
16018	1
1602	1
16020	1
16022	-3
16023	3
16025	-1
16026	-1
16028	3
16029	8
1603	12
16030	1
16031	1
16032	5
16033	1
16034	1
16035	4
16036	-2
16037	1
16038	1
16039	-2
1604	1
16040	1
16041	2
16042	1
16044	1
16045	1
16046	2
1605	1
16052	8
16053	1
16055	3
16056	1
16057	1
16058	2
16059	3
1606	5
16060	1
16061	1
16064	5
16065	1
16067	3
16068	-3
16069	1
1607	5
16070	2
16071	2
16072	1
16074	3
16075	4
16079	-1
1608	2
16080	2
16081	4
16082	3
16084	7
16085	1
16087	3
16088	4
16089	5
1609	5
16091	1
16093	2
16095	5
16096	2
16097	-1
16098	4
161	0
1610	2
16100	5
16101	2
16102	1
16103	1
16105	3
16108	1
1611	1
16111	2
16114	8
16115	2
16118	1
16119	7
1612	3
16120	1
16121	1
16122	4
16124	1
16125	-1
16129	1
16130	1
16131	5
16132	2
16133	1
16134	3
16135	2
16137	1
16138	3
16140	-1
16141	2
16142	2
16145	0
16146	1
16148	1
16149	4
1615	4
16150	5
16151	2
16152	1
16155	0
16156	1
16158	2
16159	2
1616	4
16160	-2
16161	2
16162	2
16163	2
16167	6
1617	6
16173	1
16174	-1
16176	1
16177	0
16178	1
16179	1
1618	2
16180	1
16181	6
16182	1
16183	3
16184	3
16186	4
16187	2
16188	2
16189	2
1619	11
16190	6
16191	-1
16192	1
16193	1
16194	1
16197	1
16199	2
162	2
1620	11
16202	-1
16204	-1
16205	2
16206	3
16207	1
16208	2
16209	3
1621	15
16210	2
16212	2
16213	1
16215	1
16216	1
16217	3
16219	0
1622	6
16220	2
16224	2
16225	0
16227	5
16228	1
16229	1
1623	11
16230	4
16231	0
16232	2
16233	4
16234	-1
16236	-1
16237	2
16238	1
16239	-1
1624	5
16240	4
16241	4
16242	1
16243	1
16244	4
16246	1
16247	2
16248	3
1625	6
16250	1
16252	1
16254	1
16255	-1
16256	0
16257	1
16259	2
16260	1
16262	3
16263	1
16264	3
16265	4
16267	1
16269	1
1627	4
16271	2
16272	1
16273	1
16274	1
16277	-1
16280	1
16281	1
16282	3
16285	2
16286	-5
16287	1
1629	1
16292	1
16294	1
16295	1
16296	2
16297	1
16298	1
16299	1
163	12
1630	4
16301	-2
16304	1
16305	1
16306	1
16307	2
16308	1
16309	3
1631	5
16310	3
16311	1
16312	1
16313	1
16314	2
16316	1
16318	1
16319	3
1632	3
16320	2
16326	4
16328	1
1633	1
16330	1
16332	1
16333	3
1634	5
16340	1
16342	1
16343	2
16345	4
16346	0
16347	3
16348	1
16349	2
16351	2
16353	2
16355	1
16356	1
16357	1
16360	2
1637	1
1638	1
1639	5
164	3
1640	7
1641	5
1644	5
1645	9
1646	4
1647	2
1648	2
1649	12
165	11
1650	1
1651	1
1652	5
1653	9
1654	2
1656	1
1657	2
1658	5
1659	-1
166	30
1660	5
1661	2
1662	2
1664	8
1665	3
1666	1
1667	3
1668	1
1669	3
167	6
1671	4
1672	4
1673	1
1674	2
1676	2
1677	1
1678	-1
1679	1
168	7
1681	2
1682	1
1683	4
1684	3
1685	2
1686	2
1687	2
1688	2
1689	6
169	7
1690	6
1691	1
1692	2
1695	2
1696	1
1697	4
1698	4
17	4
170	10
1701	3
1702	2
1703	5
1704	4
1706	3
1707	1
1708	3
1709	2
171	5
1710	2
1711	10
1712	1
1713	13
1716	5
1717	10
1718	5
172	3
1720	13
1721	4
1722	8
1723	0
1724	2
1725	4
1726	4
1727	1
1728	2
1729	4
173	6
1730	3
1731	9
1732	3
1733	2
1734	3
1735	1
1737	1
1739	2
174	4
1740	3
1741	2
1742	5
1743	2
1744	8
1745	1
1746	2
1747	1
1749	3
175	2
1750	7
1751	6
1752	3
1753	6
1754	4
1755	2
1756	1
1757	4
1758	1
1759	3
176	4
1761	5
1762	19
1763	6
1764	10
1766	7
1767	1
1768	15
1769	5
177	3
1770	17
1771	3
1772	3
1773	1
1774	1
1775	10
1776	1
1777	5
1778	1
1779	8
178	-1
1780	3
1781	3
1782	2
1783	1
1784	1
1785	1
1786	5
1788	2
1789	7
179	8
1790	10
1791	8
1792	1
1795	3
1796	1
1797	6
1798	5
1799	2
18	44
180	12
1800	1
1801	4
1802	4
1803	3
1804	4
1805	1
1807	4
1808	9
1809	4
181	1
1810	6
1811	4
1812	1
1813	8
1814	10
1815	5
1817	8
1818	-1
1819	5
182	36
1820	1
1822	1
1823	14
1824	7
1825	3
1826	3
1827	0
1828	1
1829	4
183	13
1830	3
1831	5
1832	5
1833	5
1834	1
1835	3
1836	4
1838	5
1839	5
184	2
1840	3
1841	1
1842	6
1843	-1
1844	5
1845	1
1846	2
1847	7
1848	1
1849	3
185	6
1850	1
1851	2
1852	4
1853	1
1854	3
1855	1
1856	4
1857	2
1858	6
1859	7
186	25
1860	8
1861	8
1862	8
1863	5
1864	7
1865	2
1866	3
1867	3
1868	3
1869	1
187	10
1870	1
1871	1
1872	2
1873	1
1874	3
1875	-2
1876	6
1877	4
1878	9
1879	7
188	4
1881	1
1882	1
1883	0
1884	2
1885	2
1887	6
1889	1
189	0
1890	6
1891	-1
1892	4
1893	13
1894	3
1895	6
1896	3
1897	10
1898	5
1899	3
19	7
190	-1
1900	5
1901	10
1902	15
1903	6
1904	6
1905	6
1906	1
1907	6
1908	6
1909	5
191	5
1910	4
1911	7
1912	6
1913	14
1914	3
1915	2
1916	2
1917	3
1918	3
1919	2
192	-1
1920	10
1921	1
1922	8
1923	12
1924	5
1925	4
1926	6
1927	6
1929	2
193	15
1930	4
1931	5
1932	0
1934	8
1935	3
1936	1
1937	6
1938	1
1940	4
1942	4
1943	6
1944	1
1945	1
1946	-1
1948	1
1949	2
195	3
1950	1
1951	2
1954	-2
1955	-3
1956	1
1957	2
1958	2
1959	4
1961	3
1962	2
1963	8
1964	6
1965	3
1966	1
1968	5
1969	3
197	5
1970	2
1971	2
1972	6
1973	3
1974	2
1975	5
1976	13
1977	5
1978	13
1979	4
198	1
1980	2
1981	1
1982	2
1983	1
1984	15
1985	2
1986	32
1987	7
1988	10
1989	4
199	2
1990	9
1991	6
1992	2
1993	2
1994	2
1995	2
1996	5
1997	7
1998	2
1999	4
2	15
200	8
2000	2
2001	9
2002	9
2003	7
2004	5
2005	4
2006	3
2007	1
2008	9
2009	2
201	4
2010	12
2011	6
2012	3
2013	7
2014	6
2015	10
2016	13
2017	22
2018	15
2019	6
202	17
2020	8
2021	16
2022	4
2023	4
2024	3
2025	3
2026	4
2027	3
2028	10
2029	5
203	8
2030	3
2031	1
2032	2
2033	2
2034	5
2035	7
2036	2
2037	8
2038	6
2039	10
204	19
2040	4
2041	5
2042	3
2043	3
2044	34
2045	4
2046	1
2047	2
2048	2
2049	2
205	2
2050	6
2051	14
2052	4
2053	9
2054	1
2055	4
2056	3
2057	8
2058	22
2059	3
206	4
2060	-6
2061	6
2062	8
2063	5
2064	5
2065	5
2066	6
2067	4
2068	10
2069	6
207	10
2070	3
2071	2
2072	5
2073	6
2074	5
2075	4
2077	5
2078	4
2079	3
208	-1
2080	3
2081	10
2082	4
2083	1
2084	8
2085	7
2086	5
2087	2
2088	3
2089	6
209	2
2090	4
2091	5
2092	1
2093	6
2094	4
2095	6
2096	5
2097	4
2098	1
2099	2
21	44
210	4
2100	2
2101	6
2102	0
2103	2
2104	3
2105	6
2106	2
2107	4
2109	7
211	6
2110	3
2111	5
2112	4
2113	3
2114	1
2115	4
2116	8
2117	1
2119	2
212	50
2120	1
2121	5
2122	10
2123	3
2124	2
2125	4
2126	5
2127	4
2128	2
2129	3
213	0
2130	1
2131	4
2132	6
2133	3
2134	9
2135	8
2136	4
2137	1
2138	5
214	2
2140	2
2141	1
2142	1
2143	8
2144	4
2145	1
2146	0
2147	4
2148	3
215	10
2150	3
2151	4
2152	2
2154	9
2155	2
2156	3
2157	3
2158	4
2159	5
216	4
2160	2
2161	4
2162	1
2163	5
2164	28
2165	3
2166	17
2167	3
2168	7
2169	5
217	4
2170	3
2171	2
2172	1
2173	2
2174	-1
2175	1
2176	3
2177	8
2178	9
2179	-1
2181	-5
2183	1
2184	9
2186	4
2187	14
2189	16
219	1
2190	10
2191	10
2192	3
2193	8
2194	5
2195	5
2196	8
2197	3
2198	1
2199	4
22	0
2200	1
2201	2
2202	1
2203	6
2204	1
2205	3
2206	2
2207	3
2208	3
2209	1
221	5
2210	1
2211	3
2213	1
2214	2
2215	4
2216	8
2217	14
2218	3
2219	1
222	2
2220	5
2221	6
2222	9
2223	5
2224	2
2225	6
2226	0
2227	6
2228	2
2229	1
223	5
2230	5
2231	1
2232	11
2233	2
2234	12
2235	6
2236	7
2237	1
2238	2
2239	2
224	5
2240	7
2241	5
2242	3
2243	2
2244	7
2245	2
2246	4
2247	1
2249	-1
225	2
2251	8
2252	3
2253	2
2254	9
2255	6
2256	3
2257	9
2258	14
2259	4
226	4
2260	2
2261	4
2262	1
2263	2
2264	1
2265	12
2266	2
2267	2
2268	4
2269	5
227	11
2270	4
2271	5
2273	7
2274	10
2275	3
2276	10
2277	9
2278	1
2279	14
228	5
2281	1
2282	7
2283	8
2285	12
2286	15
2287	4
2288	2
2289	2
229	2
2290	1
2291	2
2292	2
2293	13
2294	4
2295	5
2296	11
2297	6
2298	4
2299	7
23	4
230	-1
2300	10
2301	9
2302	7
2303	8
2304	16
2305	5
2306	3
2307	1
2308	4
2309	6
231	7
2310	4
2311	8
2312	4
2313	3
2314	4
2315	3
2316	4
2317	5
2318	7
2319	6
232	1
2320	6
2321	2
2322	5
2323	6
2324	5
2325	8
2326	7
2327	1
2328	1
2329	1
233	2
2330	1
2332	3
2333	5
2334	5
2335	9
2337	13
2338	4
2339	1
234	1
2340	3
2341	1
2342	6
2343	3
2344	5
2345	7
2346	5
2347	1
2348	-5
2349	6
235	4
2351	3
2352	4
2353	1
2354	1
2356	2
2359	3
236	6
2361	2
2362	7
2363	6
2364	6
2366	6
2367	3
2368	1
2369	10
237	1
2370	6
2371	7
2372	3
2373	3
2374	5
2377	3
2378	5
238	21
2380	3
2381	3
2382	-2
2383	2
2384	2
2385	2
2386	3
2387	2
2389	2
239	2
2390	9
2391	3
2392	3
2393	4
2394	2
2395	1
2396	12
2397	6
2398	1
2399	1
24	9
240	22
2401	3
2404	5
2406	1
2407	6
2408	12
2409	4
241	11
2410	3
2411	12
2412	2
2413	6
2414	10
2415	8
2416	5
2417	2
2418	1
2419	5
242	-1
2420	5
2421	2
2422	3
2423	1
2424	4
2425	2
2426	2
2427	8
243	5
2430	1
2431	1
2433	1
2434	2
2435	3
2436	1
2438	2
2439	4
244	2
2440	4
2441	-1
2443	1
2444	1
2445	5
2446	2
2447	5
2448	7
2449	3
245	23
2450	6
2451	2
2452	2
2453	6
2454	1
2455	5
2456	5
2457	2
2458	12
2459	1
246	1
2460	2
2462	9
2464	9
2465	3
2466	2
2467	1
2468	3
2469	1
247	-1
2470	1
2472	-1
2473	4
2474	0
2475	16
2476	16
2477	2
2478	1
2479	4
248	14
2480	5
2481	2
2482	4
2483	5
2484	4
2485	5
2486	5
2487	3
2488	4
2489	3
249	12
2490	3
2491	2
2492	2
2493	5
2494	6
2495	6
2496	6
2498	12
2499	2
25	17
250	3
2500	1
2501	12
2502	3
2503	7
2504	1
2505	14
2506	2
2508	2
2509	4
251	3
2510	7
2511	3
2512	6
2513	1
2514	2
2515	3
2516	2
2517	4
2518	3
2519	2
252	9
2520	1
2521	4
2522	5
2523	2
2524	1
2525	4
2527	7
2528	1
2529	11
253	5
2530	10
2531	3
2532	1
2533	1
2534	1
2535	2
2536	3
2537	6
2538	8
2539	10
254	15
2540	3
2541	2
2542	6
2543	2
2544	2
2545	2
2547	4
2548	5
255	8
2550	5
2551	2
2552	3
2553	8
2554	2
2555	-1
2557	2
2558	0
2559	2
256	1
2560	6
2561	10
2562	3
2563	4
2564	2
2565	1
2566	1
2567	5
2568	1
2569	2
257	3
2570	3
2571	1
2572	1
2573	1
2574	1
2575	1
2576	2
2577	2
2578	3
2579	3
258	2
2580	1
2582	5
2584	2
2585	4
2586	4
2587	10
2588	3
2589	3
259	10
2590	2
2592	10
2593	2
2594	1
2595	2
2596	1
2597	2
2599	3
26	6
260	-1
2600	1
2601	1
2602	5
2603	4
2604	2
2606	6
2609	1
261	3
2610	4
2611	4
2612	3
2613	3
2616	5
2619	1
262	18
2620	1
2621	2
2622	3
2623	1
2624	1
2625	2
2627	1
2628	1
2629	12
263	1
2630	17
2631	4
2632	1
2633	1
2634	2
2635	5
2637	6
2638	12
2639	4
264	7
2640	36
2641	3
2642	4
2644	0
2645	3
2646	27
2647	9
2648	15
2649	4
265	3
2651	2
2652	5
2653	4
2654	1
2656	3
2657	2
2658	2
2659	8
266	18
2660	4
2661	4
2662	4
2663	5
2664	2
2666	19
2667	22
2668	4
2669	11
267	8
2671	7
2672	-1
2673	4
2674	7
2675	4
2676	3
2678	2
2679	3
268	1
2680	8
2681	1
2682	1
2685	3
2686	2
2687	2
2688	3
2689	3
269	7
2691	9
2692	6
2693	3
2694	4
2695	5
2696	1
2697	10
2698	6
2699	2
27	9
270	4
2700	1
2701	7
2702	9
2703	1
2704	4
2705	2
2706	2
2707	5
2708	2
2709	2
271	15
2710	2
2711	3
2712	2
2713	5
2714	3
2716	6
2717	4
2718	2
2719	2
272	3
2720	1
2721	2
2722	11
2723	5
2725	1
2727	3
2728	3
273	8
2730	2
2731	4
2734	5
2736	7
2738	7
2739	6
274	2
2740	4
2741	11
2742	5
2743	13
2744	1
2745	1
2746	3
2747	1
2748	2
2749	8
275	4
2750	-3
2751	2
2752	4
2753	11
2754	1
2755	2
2756	4
2757	2
2758	-3
2759	0
276	9
2760	3
2761	4
2762	2
2763	3
2764	4
2765	3
2766	4
2767	3
2768	5
2769	1
277	15
2770	5
2771	3
2772	8
2773	4
2774	5
2775	2
2776	1
2777	2
2779	1
2780	7
2781	2
2782	1
2783	4
2785	2
2786	8
2787	6
2788	8
2789	3
279	8
2790	0
2791	2
2793	9
2794	8
2795	10
2796	5
2797	3
2799	0
28	4
280	2
2800	1
2801	4
2802	3
2803	1
2804	4
2805	4
2806	7
2807	6
2808	3
2809	5
2810	5
2812	2
2813	2
2814	1
2815	4
2816	1
2818	2
282	4
2820	6
2823	3
2824	1
2826	6
2827	1
2829	1
2832	-3
2833	1
2834	7
2835	4
2836	3
2837	1
2838	3
2839	1
284	7
2840	2
2841	1
2842	2
2843	-1
2844	8
2845	11
2846	6
2847	1
2848	19
285	3
2850	8
2851	1
2852	5
2853	5
2854	1
2856	1
2857	1
2858	2
2859	8
286	17
2861	1
2862	7
2863	1
2864	2
2865	-3
2866	5
2867	2
2868	4
2869	7
287	12
2870	6
2871	1
2872	3
2873	0
2874	8
2876	1
2877	1
2878	2
2879	2
288	2
2880	1
2882	0
2883	2
2884	8
2885	5
2886	5
2887	1
2888	2
2889	2
289	14
2890	3
2891	3
2892	4
2893	6
2895	9
2896	-1
2897	1
2898	8
2899	1
29	4
290	15
2900	1
2901	0
2902	6
2904	1
2905	2
2906	4
2908	7
2909	2
291	6
2910	2
2911	2
2912	1
2913	17
2914	4
2915	5
2916	1
2917	4
2918	4
2919	2
292	2
2920	2
2922	2
2923	-2
2924	1
2925	3
2926	3
2927	2
293	58
2931	1
2932	6
2933	3
2934	7
2935	9
2936	1
2937	7
2938	2
294	2
2940	12
2941	15
2942	3
2943	1
2944	4
2945	2
2946	3
2947	3
2948	1
2949	-1
295	-1
2953	1
2954	10
2955	5
2956	1
2957	2
2958	2
2959	7
296	12
2960	13
2961	4
2962	8
2964	2
2965	4
2966	4
2967	1
2968	6
297	11
2970	4
2971	1
2972	1
2973	1
2974	1
2975	11
2976	1
2977	2
2978	14
2979	9
298	5
2980	1
2981	2
2982	1
2983	6
2984	0
2985	7
2986	7
2987	7
2988	9
2989	4
299	5
2990	5
2991	5
2992	5
2993	8
2994	1
2995	5
2996	7
2997	1
2998	5
2999	7
3	34
30	1
300	19
3000	4
3001	10
3002	3
3004	2
3005	3
3006	3
3007	2
3008	2
3009	4
301	13
3011	9
3012	7
3013	6
3014	5
3015	4
3016	1
3018	3
3019	-2
302	11
3020	4
3021	7
3024	0
3025	7
3026	2
3029	6
3030	2
3031	1
3032	1
3033	5
3034	7
3035	4
3037	2
3038	7
3039	-1
3040	-2
3041	-2
3042	-2
3043	-1
3044	-2
3046	1
3048	5
3049	9
305	2
3050	1
3051	4
3052	3
3053	2
3054	1
3055	1
3057	5
3058	6
306	11
3060	4
3061	4
3062	15
3064	12
3066	5
3067	4
3068	3
3069	2
307	7
3072	3
3073	3
3074	1
3075	6
3076	3
3077	2
3078	1
3079	6
308	10
3080	6
3082	7
3083	2
3084	2
3085	9
3086	2
3087	4
3088	23
3089	3
309	2
3091	3
3092	0
3093	20
3094	1
3095	7
3096	9
3097	9
3098	13
3099	4
31	6
3100	1
3101	1
3102	3
3103	5
3104	6
3105	13
3108	7
3109	3
311	11
3111	10
3113	7
3114	2
3115	1
3117	13
3118	1
3119	2
312	8
3120	12
3121	1
3122	9
3123	3
3125	1
3126	10
3127	4
3128	3
3129	3
313	27
3130	3
3133	3
3134	2
3136	1
3137	6
3138	0
3139	4
314	6
3140	6
3141	6
3142	1
3143	1
3144	5
3146	2
3147	2
3149	3
315	7
3150	3
3151	5
3153	5
3154	5
3155	2
3156	12
3157	8
3158	8
3159	3
316	25
3160	4
3161	5
3162	1
3163	6
3164	9
3165	5
3167	5
3168	12
3169	9
317	6
3171	14
3172	1
3173	6
3174	1
3175	1
3176	3
3178	14
318	9
3181	2
3182	6
3183	8
3184	4
3185	5
3186	8
3187	4
3188	6
3189	1
319	7
3190	6
3192	9
3193	3
3194	3
3195	4
3196	1
3197	9
3198	1
3199	5
32	7
320	24
3200	3
3201	3
3202	2
3203	1
3204	1
3205	1
3207	3
3209	2
321	15
3210	4
3211	6
3212	4
3214	5
3215	4
3216	2
3217	6
3218	3
3219	2
3220	2
3222	3
3223	1
3224	4
3225	4
3226	4
3228	9
323	2
3231	2
3232	4
3233	8
3234	6
3235	3
3236	4
3237	11
3238	5
3239	1
324	9
3240	6
3241	3
3242	3
3243	2
3244	1
3245	5
3246	2
3247	4
3248	2
3249	1
325	6
3250	3
3251	12
3252	1
3253	3
3254	3
3255	1
3256	1
3257	1
3258	1
326	22
3260	5
3261	4
3262	4
3264	3
3265	1
3266	1
3267	5
3268	11
327	9
3271	2
3272	2
3274	14
3276	2
3277	5
3278	1
3279	3
328	1
3280	2
3281	2
3282	3
3283	-1
3284	5
3285	2
3286	1
3287	2
3288	1
3289	1
329	14
3290	1
3291	7
3292	5
3294	8
3295	6
3297	1
3298	2
3299	4
33	6
330	4
3300	10
3302	1
3304	1
3305	4
3306	3
3307	5
3308	5
3309	4
331	4
3310	4
3311	7
3312	7
3313	4
3314	4
3315	9
3316	6
3317	5
3318	9
3319	4
332	5
3320	8
3321	5
3322	2
3323	2
3324	4
3326	5
3327	4
3328	9
3329	4
333	1
3330	1
3331	5
3332	5
3333	5
3334	5
3335	4
3337	6
3338	9
3339	8
334	17
3341	6
3342	11
3343	16
3344	3
3345	2
3346	9
3347	1
3348	4
3349	11
335	13
3350	6
3351	28
3352	2
3353	6
3354	10
3355	6
336	4
3363	1
3364	6
3365	7
3366	5
3367	30
3368	6
3369	4
337	4
3370	8
3372	18
3373	5
3375	7
3376	2
3377	2
3378	13
3379	1
338	10
3380	11
3386	8
3387	3
3388	2
3389	5
339	2
3390	2
3391	4
3392	4
3393	3
3396	4
3397	2
3398	9
3399	1
34	13
340	4
3400	9
3401	6
3402	11
3403	6
3405	3
3406	5
3407	8
3408	1
341	10
3410	7
3411	3
3412	1
3413	2
3414	4
3415	6
3416	5
3417	-2
3418	-1
3419	5
342	8
3420	1
3421	5
3422	2
3423	5
3424	1
3425	1
3426	3
343	2
3431	4
3432	1
3433	4
3434	6
3435	3
3436	1
3438	6
344	6
3441	1
3442	3
3443	2
3445	1
3446	2
3447	10
3448	9
3449	3
345	7
3450	1
3451	3
3452	3
3453	5
3454	2
3455	1
3456	-1
3458	3
346	10
3460	3
3461	5
3462	1
3463	4
3464	3
3465	4
3466	1
3467	8
3468	2
3469	5
3470	2
3471	7
3472	9
3473	4
3474	7
3475	6
3476	2
3478	8
3479	7
348	7
3480	1
3481	1
3482	7
3483	2
3484	4
3485	3
3486	1
3487	1
3488	2
3489	2
349	11
3490	5
3491	12
3492	3
3493	1
3494	2
3495	-1
3496	2
3497	7
3498	10
3499	3
35	4
350	9
3500	13
3502	6
3503	5
3504	3
3505	4
3508	1
3509	7
351	2
3511	1
3512	1
3513	9
3516	3
3517	2
3518	2
3519	4
352	7
3522	6
3523	3
3524	1
3525	3
3526	1
3527	1
3528	-2
3529	1
353	5
3530	1
3531	1
3532	-1
3533	3
3534	6
3536	1
3537	3
3538	1
3539	3
354	5
3540	4
3541	7
3542	3
3544	1
3545	1
3547	2
3548	1
355	4
3550	1
3551	5
3554	3
3555	8
3557	11
3558	2
3559	3
356	2
3560	3
3564	2
3565	5
3566	3
3567	5
3568	3
3569	9
357	3
3570	2
3571	1
3572	9
3573	4
3574	5
358	0
359	9
36	13
360	7
361	5
3613	13
3614	1
3615	1
3616	3
3617	12
3618	16
362	2
3620	14
3621	7
3622	2
3623	3
3624	16
3625	2
3626	1
3627	7
3628	24
3629	5
363	85
3630	1
3631	5
3632	1
3633	1
3634	2
3635	1
3636	1
3637	4
3638	1
3639	2
364	4
3641	7
3642	2
3643	6
3644	2
3645	1
3646	2
3647	3
3648	2
3649	2
365	6
3650	6
3651	9
3653	1
3655	5
3656	3
3657	2
3658	8
3659	3
366	14
3660	9
3661	2
3662	4
3663	5
3664	1
3666	2
3667	2
3668	3
3669	3
367	13
3671	7
3672	1
3673	2
3674	2
3675	3
3676	6
3677	3
3679	8
368	4
3680	1
3682	1
3683	-1
3684	3
3685	1
3686	4
3687	0
3688	1
3689	3
369	7
3691	5
3693	2
3694	1
3695	1
3696	1
3697	8
3698	5
3699	1
37	4
370	2
3700	7
3701	4
3703	4
3704	2
3705	2
3706	2
3707	2
3708	5
3709	1
371	8
3710	5
3714	5
3715	1
3716	2
3717	13
3718	9
3719	4
372	2
3720	4
3721	2
3722	2
3723	2
3724	1
3725	-1
3727	3
3728	1
3729	-1
373	2
3730	6
3731	6
3732	3
3733	1
3734	1
3735	9
3736	4
3737	1
3738	12
3739	4
374	4
3741	5
3742	2
3743	5
3744	2
3745	1
3747	2
3748	10
3749	-1
3750	1
3751	2
3752	4
3753	4
3754	2
3755	8
3757	3
3758	2
3759	2
376	1
3760	-3
3761	7
3762	1
3766	8
3767	3
3769	-1
377	9
3770	5
3771	2
3773	1
3775	4
3777	6
3778	6
3779	6
378	24
3780	15
3781	4
3782	2
3783	2
3784	1
3786	2
3787	1
3788	2
3789	-1
379	7
3790	1
3791	5
3792	1
3793	2
3794	5
3796	1
3797	4
3798	3
3799	7
38	2
380	3
3801	1
3802	4
3803	3
3804	4
3805	4
3806	1
3807	5
3808	2
381	2
3810	2
3814	2
3815	3
3816	1
3817	6
382	8
3821	-2
3822	3
3823	5
3825	6
3826	6
3829	1
383	1
3830	2
3833	5
3834	1
3835	2
3837	5
3838	-1
3839	1
384	2
3840	9
3841	2
3842	12
3844	2
3845	2
3847	5
3849	6
385	3
3850	3
3851	2
3853	3
3854	2
3855	3
3856	-1
3857	2
3858	2
3859	4
386	36
3860	6
3861	2
3863	5
3864	2
3865	5
3866	1
3867	1
3869	1
387	3
3870	2
3871	-1
3872	10
3873	5
3875	4
3877	3
3878	1
3879	1
388	4
3880	4
3881	1
3882	6
3883	2
3884	2
3885	13
3887	1
3888	5
389	4
3890	15
3891	5
3892	9
3893	2
3894	1
3895	4
3897	5
39	19
390	7
3900	12
3902	6
3903	2
3904	0
3906	8
3907	2
3908	3
3909	2
391	1
3910	11
3911	1
3913	1
3916	5
3917	-2
3919	5
392	3
3920	4
3921	6
3922	5
3923	8
3924	3
3925	1
3926	3
3927	2
3928	3
3929	1
393	7
3930	1
3931	2
3932	2
3933	9
3935	1
3936	1
3938	9
3939	10
394	2
3940	2
3941	4
3943	1
3944	9
3945	3
3946	3
3947	3
3948	4
3949	7
395	11
3950	4
3951	4
3952	1
3953	3
3954	1
3955	4
3957	-1
396	1
3960	7
3962	7
3963	14
3964	3
3965	4
3966	1
3967	7
3968	1
3969	2
397	11
3970	9
3971	1
3972	4
3973	7
3974	1
3975	3
3976	2
3977	0
3978	3
3979	4
398	2
3980	2
3983	2
3984	1
3985	1
3986	2
3987	2
3988	4
3989	2
399	6
3990	1
3991	8
3992	1
3994	3
3995	2
3996	16
3998	4
3999	23
4	3
40	53
400	23
4000	1
4001	4
4002	3
4003	6
4004	6
4005	4
4006	1
4008	3
4009	3
401	14
4010	4
4011	9
4013	2
4014	6
4015	4
4016	3
4017	2
4018	2
4019	3
402	3
4021	11
4022	3
4023	5
4024	3
4025	1
4026	2
4027	1
4028	4
4029	4
403	5
4030	5
4031	4
4032	2
4033	1
4034	-2
4035	6
4036	3
4037	3
4038	1
4039	1
4041	1
4042	7
4043	2
4044	4
4045	6
4046	1
4048	2
4049	4
405	16
4050	1
4051	1
4052	0
4054	2
4055	2
4056	1
4058	4
4059	1
406	5
4060	2
4061	2
4062	2
4063	1
4064	2
4065	3
4066	11
4067	5
4068	4
4069	6
407	1
4070	3
4071	2
4072	1
4073	1
4074	4
4075	1
4076	1
4078	-1
4079	1
408	4
4080	-1
4083	1
4084	1
4087	8
4088	2
4089	4
409	12
4090	2
4091	4
4092	2
4093	3
4094	-1
4095	4
4096	1
4097	8
4098	5
41	23
410	8
4100	8
4101	5
4102	10
4103	5
4104	5
4105	2
4106	5
4107	2
4109	1
411	4
4110	1
4111	25
4112	3
4113	2
4114	4
4115	-1
4116	2
4117	3
412	3
4120	4
4121	27
4122	8
4123	1
4124	12
4125	2
4126	3
4127	1
4128	8
4129	1
413	2
4130	6
4131	5
4132	2
4133	7
4134	3
4135	5
4136	3
4137	4
4138	10
4139	3
414	1
4140	3
4141	3
4142	2
4143	2
4144	4
4145	3
4147	5
4148	6
4149	1
415	4
4150	1
4151	7
4152	1
4154	1
4155	-4
4157	7
4158	10
4159	-1
416	12
4160	3
4161	-3
4162	4
4166	1
4167	3
4168	2
417	8
4170	-1
4172	8
4173	6
4174	1
4175	0
4176	4
4178	1
4179	5
418	16
4180	1
4182	2
4184	3
4186	3
4187	4
4188	3
419	9
4192	4
4193	1
4194	3
4195	1
4196	8
4197	10
4199	-1
420	6
4200	2
4201	4
4203	2
4204	1
4205	2
4206	0
4207	-2
4208	2
4209	4
4210	3
4211	-1
4212	2
4213	7
4214	3
4215	3
4216	1
4217	6
4218	3
4219	7
422	1
4220	3
4221	2
4222	-2
4223	8
4224	5
4225	1
4226	-1
4228	5
4229	3
423	3
4230	-1
4231	-1
4232	-3
4234	2
4236	4
4238	4
4239	7
424	4
4240	7
4241	9
4242	6
4243	6
4244	12
4245	4
4246	1
4247	2
4248	1
4249	5
425	13
4250	0
4251	4
4252	3
4253	-5
4254	1
4256	1
4257	8
4258	8
4259	6
426	3
4261	5
4262	4
4264	6
4265	7
4266	2
4267	2
4268	3
4269	6
427	9
4270	1
4271	2
4273	2
4275	2
4277	2
4278	5
428	34
4281	2
4282	4
4283	4
4284	3
4285	6
4286	4
4287	2
4288	2
4289	1
429	10
4291	2
4292	4
4293	3
4295	4
4296	3
4297	2
4298	4
4299	1
43	18
430	4
4300	0
4301	2
4303	5
4304	1
4305	3
4306	4
4307	2
4308	4
4309	1
431	1
4310	7
4311	2
4313	9
4314	1
4315	1
4316	6
4317	2
4318	2
432	4
4321	5
4323	3
4324	9
4325	2
4326	5
4327	5
4328	9
4329	3
433	14
4330	2
4331	8
4332	1
4333	2
4334	1
4335	3
4336	12
4337	2
4338	2
4339	-3
434	12
4341	8
4343	2
4345	6
4346	6
4347	3
4348	-2
4349	1
435	7
4350	2
4351	5
4352	3
4353	2
4354	5
4355	4
4356	5
4357	4
4358	6
4359	8
436	9
4361	10
4364	1
4365	4
4368	4
437	6
4370	2
4371	3
4373	3
4374	10
4375	3
4376	6
4378	6
4379	12
438	2
4380	3
4382	2
4383	15
4384	3
4385	1
4386	1
4387	6
4389	2
439	17
4390	1
4391	2
4392	-3
4393	1
4394	1
4395	-2
4396	2
4397	2
4398	5
4399	1
44	36
440	3
4400	1
4401	-1
4403	1
4404	3
4405	11
4406	3
4407	2
4408	4
4409	5
441	2
4410	6
4411	1
4415	0
4417	-2
4418	2
442	6
4420	2
4421	3
4424	8
4425	1
4426	1
4428	2
4429	1
443	4
4430	1
4431	2
4433	-1
4434	4
4435	2
4436	8
4437	5
4438	6
4439	3
444	0
4440	5
4441	-1
4442	1
4443	8
4444	5
4445	4
4446	2
4447	5
4449	-2
445	1
4450	10
4451	4
4452	-1
4453	2
4454	-3
4456	2
4458	5
4459	1
446	1
4460	1
4461	2
4462	1
4463	1
4464	4
4465	2
4466	3
4467	3
4468	2
447	2
4470	2
4471	3
4473	5
4474	6
4475	1
4476	2
4478	5
4479	3
448	4
4480	15
4481	5
4482	2
4483	5
4484	7
4485	2
4486	12
4487	10
4488	6
4489	2
449	8
4491	-2
4493	1
4494	1
4495	3
4496	1
4498	1
4499	2
45	8
450	12
4500	2
4502	1
4503	1
4504	4
4505	4
4506	2
4508	2
4509	1
451	2
4510	1
4512	2
4513	3
4514	1
4515	3
4516	10
4517	-2
4518	2
4519	4
452	5
4520	2
4521	3
4523	4
4527	7
4528	2
453	6
4530	1
4533	2
4534	3
4535	6
4536	7
4537	2
4539	5
454	2
4541	2
4543	2
4544	2
4545	2
4546	1
4547	2
4548	4
455	52
4551	5
4552	9
4554	2
4555	7
4557	1
4558	2
4559	2
456	10
4560	2
4561	2
4562	2
4563	5
4564	2
4565	2
4567	1
4568	3
4569	5
457	5
4570	1
4571	4
4572	5
4575	8
4576	1
4577	18
4578	10
4579	1
4580	3
4583	1
4584	1
4585	5
4586	1
4587	2
4588	2
459	10
4591	6
4592	4
4593	0
4594	9
4596	1
4597	1
46	2
460	29
4600	-1
4601	2
4602	2
4603	4
4604	3
4605	-4
4606	1
4607	6
4609	5
461	6
4610	1
4612	2
4614	7
4615	1
4617	3
4618	1
4619	5
462	7
4620	7
4621	5
4622	4
4623	5
4624	3
4625	2
4626	2
4627	8
4628	7
4629	2
463	5
4630	5
4631	1
4632	1
4633	3
4634	2
4635	1
4636	2
4637	2
4639	2
464	3
4640	10
4641	3
4642	4
4643	4
4644	4
4645	4
4646	8
4647	4
4648	-1
4649	3
465	6
4650	2
4651	3
4652	4
4653	7
4654	4
4655	32
4656	14
4657	3
4658	3
4659	7
466	2
4660	4
4661	1
4662	2
4663	2
4664	3
4665	1
4666	8
4667	7
4668	6
4669	8
467	10
4670	2
4671	1
4672	6
4673	1
4676	3
4677	2
4678	3
4679	1
468	9
4680	4
4681	6
4684	-1
4685	2
4686	2
4687	23
4688	1
4689	5
469	3
4690	3
4693	4
4694	1
4695	2
4696	1
4697	4
4698	7
4699	3
47	5
470	53
4700	4
4701	1
4704	16
4706	4
4707	8
4708	4
4709	1
471	-1
4711	3
4714	1
4715	7
4716	-1
4717	8
4718	1
4719	3
472	23
4720	5
4721	6
4722	11
4723	16
4724	8
4725	2
4727	4
4728	3
4729	3
473	5
4730	1
4731	1
4732	2
4733	2
4734	1
4735	-1
4736	3
4737	7
4739	7
474	3
4740	5
4742	3
4743	1
4744	2
4745	10
4746	0
4747	1
4748	3
475	10
4750	2
4751	2
4753	6
4754	5
4755	1
4756	6
4757	5
4758	12
4759	8
476	2
4760	10
4761	2
4762	3
4763	9
4764	1
4765	1
4766	10
4767	12
4768	1
4769	1
477	1
4770	1
4772	7
4773	2
4775	2
4776	6
4779	7
478	4
4782	1
4783	1
4784	1
4787	5
4788	3
4789	3
4791	5
4792	8
4794	-1
4795	3
4796	6
4797	13
4798	5
4799	3
48	3
480	10
4800	2
4801	1
4802	3
4803	2
4804	4
4807	10
4808	11
4809	2
481	6
4810	2
4811	1
4812	3
4814	4
4815	2
4816	1
4818	6
482	2
4821	4
4823	3
4824	4
4825	6
4826	1
4827	1
4828	4
483	6
4830	1
4831	3
4833	2
4834	2
4835	9
4837	5
4838	9
484	20
4840	6
4841	6
4842	3
4843	2
4844	3
4845	10
4846	2
4847	2
4848	4
485	5
4850	2
4851	10
4852	1
4853	2
4854	3
4855	1
4856	4
4859	0
486	14
4860	5
4861	8
4862	4
4863	2
4865	3
4866	2
4867	4
4868	-1
4869	6
487	12
4870	3
4872	2
4874	3
4875	10
4877	2
4878	7
488	3
4880	6
4881	2
4882	1
4883	1
4884	10
4885	8
4886	4
4887	5
4888	4
4889	4
489	18
4890	4
4891	2
4892	2
4893	1
4894	1
4895	3
4896	3
4897	3
4898	4
4899	9
49	35
490	4
4900	5
4901	6
4903	1
4905	1
4906	1
4908	1
4909	1
491	1
4910	2
4911	4
4912	1
4913	12
4914	3
4917	3
4918	2
4919	1
492	20
4920	6
4921	6
4922	2
4924	2
4925	1
4926	2
4928	5
4929	1
493	7
4930	4
4932	3
4933	3
4934	4
4936	5
4937	5
4939	6
494	10
4941	2
4942	2
4943	2
4948	3
4949	2
495	1
4950	1
4951	4
4952	2
4953	2
4954	2
4955	7
4956	4
4957	-2
4958	1
4959	1
496	9
4962	1
4963	3
4964	3
4965	1
4966	3
4967	1
4968	6
4969	7
497	21
4970	1
4971	2
4972	2
4973	3
4974	6
4975	3
4976	0
4977	4
4978	5
4979	2
498	4
4984	3
4985	1
4986	4
4987	1
4988	1
4989	1
499	4
4990	5
4991	3
4992	1
4993	10
4994	2
4996	2
4997	14
4998	3
5	20
50	4
500	1
5000	8
5002	3
5003	3
5004	3
5005	6
5007	1
5008	1
5009	4
5011	1
5012	3
5013	6
5014	2
5015	4
5017	2
5018	2
502	1
5020	3
5021	6
5022	5
5023	4
5024	3
5025	8
5026	4
5027	-2
5028	1
5030	2
5032	15
5033	1
5034	1
5035	6
5036	4
5037	5
5038	13
504	30
5041	3
5042	1
5043	1
5044	3
5045	5
5046	9
5047	8
5049	2
505	7
5051	10
5053	3
5054	1
5055	2
5058	5
5059	1
506	16
5062	3
5063	4
5064	-3
5065	9
5066	1
5067	9
5068	2
5069	6
507	5
5070	5
5072	2
5073	2
5074	1
5075	13
5076	2
5077	1
5078	2
5079	11
508	3
5080	6
5081	4
5082	2
5083	3
5084	-1
5085	1
5086	3
5087	1
5089	2
509	37
5090	-1
5091	2
5092	1
5093	5
5094	8
5095	0
5096	4
5097	3
5098	2
5099	4
51	9
510	-1
5100	-1
5101	2
5103	3
5104	1
5105	12
5107	2
5108	1
5109	1
5110	1
5111	1
5112	1
5113	3
5114	3
5115	-2
5116	3
5117	5
5118	4
5119	1
512	9
5120	3
5121	1
5122	1
5123	1
5124	7
5126	5
5127	1
5129	1
513	9
5130	-1
5131	2
5132	1
5133	4
5134	14
5136	3
5138	1
5141	2
5142	3
5143	2
5144	1
5145	6
5146	5
5147	5
5148	3
5149	7
515	26
5150	3
5151	1
5152	3
5153	1
5154	0
5155	11
5156	0
5157	5
5158	3
5159	1
516	3
5160	1
5161	2
5162	2
5163	1
5164	-2
5165	2
5166	4
5167	1
5168	1
5169	3
517	2
5170	1
5171	13
5172	-2
5173	1
5174	2
5175	1
5177	1
5178	2
5179	1
518	13
5180	2
5181	1
5182	2
5183	8
5184	6
5185	-2
5187	-2
5188	8
5189	2
519	7
5190	11
5191	5
5192	8
5194	9
5195	1
5196	5
5197	3
5198	4
5199	2
52	25
520	7
5201	1
5203	1
5204	1
5205	1
5207	1
5208	3
521	10
5210	1
5212	2
5213	1
5214	1
5215	5
5216	1
5217	1
5218	3
5219	4
522	34
5220	3
5221	2
5222	6
5223	5
5224	4
5225	3
5226	2
5227	-1
5228	3
5229	3
523	12
5230	1
5233	2
5234	3
5235	1
5236	8
5237	8
5238	-2
5239	1
5240	3
5241	3
5242	2
5243	1
5244	4
5245	-1
5248	2
5249	1
5250	2
5251	3
5252	7
5253	6
5255	6
5256	6
5258	-2
5259	0
5260	8
5261	3
5262	1
5263	7
5266	11
5267	1
5268	1
5269	2
5270	2
5271	1
5275	1
5276	1
5277	2
5278	2
5279	3
5280	2
5282	3
5283	2
5284	2
5285	2
5287	3
5288	9
5289	2
5290	1
5291	1
5292	3
5295	4
5296	4
5298	1
5299	1
53	13
5300	1
5302	4
5303	3
5304	13
5305	3
5306	3
5308	7
5309	4
5310	2
5311	4
5312	2
5313	5
5314	1
5317	4
5318	1
5319	2
532	3
5321	2
5322	6
5323	2
5324	6
5325	5
5326	3
5327	5
5328	-2
5329	1
533	11
5330	7
5331	1
5333	3
5334	5
5335	6
5336	3
5338	2
534	3
5340	1
5341	2
5342	5
5343	1
5344	2
5347	3
5348	1
5349	0
535	5
5350	2
5352	1
5353	1
5355	2
5356	3
5358	1
5359	1
536	5
5361	3
5362	9
5363	2
5368	5
5369	5
537	7
5370	1
5371	3
5372	2
5373	2
5374	2
5375	3
5376	3
5377	1
5378	4
5379	1
538	9
5380	3
5381	5
5382	5
5383	3
5384	2
5385	2
5386	3
5387	4
5388	2
5389	1
539	16
5390	3
5391	1
5392	3
5393	-1
5394	2
5395	2
5396	1
5398	1
54	8
5400	4
5403	-2
5404	-2
5406	2
5407	2
5408	2
5411	2
5414	3
5415	2
5416	9
5417	4
5418	0
5419	13
542	13
5420	3
5421	9
5424	-1
5425	7
5426	2
5427	1
5428	4
5429	3
543	8
5431	3
5432	1
5433	4
5434	1
5435	3
5436	2
5437	1
5438	3
5439	7
544	2
5440	3
5441	5
5442	5
5444	7
5445	6
5446	8
5448	10
545	1
5451	2
5453	7
5454	2
5455	4
5456	2
5457	4
5458	3
546	2
5460	1
5461	3
5462	6
5463	0
5464	6
5465	6
5466	3
5467	3
5468	-1
5469	4
547	6
5470	8
5473	2
5474	8
5475	8
5476	2
5479	2
548	3
5480	2
5481	3
5482	3
5483	3
5484	3
5485	2
5486	6
5487	2
5488	3
549	13
5491	1
5492	1
5493	2
5494	3
5495	1
5496	4
5498	4
5499	3
55	30
550	1
5500	3
5503	2
5505	5
5507	1
5508	6
5509	2
551	3
5510	4
5512	1
5513	2
5514	2
5516	1
5517	4
5518	4
5519	-2
552	8
5520	2
5524	10
5526	2
5529	4
553	13
5530	1
5533	-1
5534	2
5535	4
5536	2
5538	-4
5539	4
554	1
5541	5
5542	4
5543	3
5544	5
5546	6
5547	8
5548	3
5549	1
5550	2
5551	1
5552	1
5553	1
5554	2
5555	2
5556	4
5557	1
5558	6
5559	4
556	8
5561	-1
5563	1
5565	-1
5566	1
5569	3
557	2
5571	2
5572	6
5573	9
5575	2
5576	3
5577	1
5579	2
558	37
5581	5
5583	4
5585	2
5587	3
5588	2
559	1
5591	1
5593	2
5595	1
5596	4
5597	2
5598	4
5599	1
56	1
560	5
5600	8
5601	1
5602	-2
5603	10
5604	3
5605	3
5606	1
5608	5
5609	1
561	2
5611	9
5612	8
5613	2
5614	3
5619	1
562	7
5620	1
5621	5
5623	2
5624	3
5626	2
5627	1
5628	2
563	6
5630	3
5631	2
5632	1
5633	1
5634	4
5635	2
5636	1
5639	1
564	8
5640	1
5643	1
5644	2
5645	4
5646	2
5648	1
5649	1
565	2
5650	1
5651	1
5653	1
5654	2
5655	10
5656	1
5657	-4
5658	7
5659	2
5660	7
5661	2
5664	6
5665	2
5666	1
5667	3
5668	2
5669	1
5670	7
5671	13
5673	3
5674	3
5675	1
5676	1
5677	1
5678	1
5679	1
568	1
5680	4
5682	1
5684	2
5686	2
5687	1
5688	2
5689	4
569	2
5690	2
5691	1
5692	7
5693	8
5694	2
5695	3
5696	4
5697	6
5698	2
5699	2
57	9
570	1
5700	1
5701	2
5702	1
5703	1
5704	8
5705	2
5706	8
5707	6
5709	1
571	7
5710	-2
5711	-1
5713	4
5714	2
5715	5
5716	6
5718	3
5719	-3
572	4
5720	3
5721	-1
5722	6
5723	1
5724	2
5725	3
5726	5
5727	2
5728	8
5729	-1
573	12
5730	6
5731	11
5732	2
5735	7
5736	4
5738	3
574	11
5740	5
5741	7
5744	2
5745	4
5746	5
5747	12
5748	2
575	9
5750	1
5752	2
5753	1
5754	3
5756	3
5757	1
5758	2
576	5
5760	2
5762	1
5763	2
5765	3
5766	2
5768	3
577	3
5770	4
5772	5
5773	15
5774	18
5775	12
5776	3
5777	3
5778	4
5779	1
578	3
5780	1
5781	4
5782	-2
5783	-1
5784	1
5786	3
5787	1
5790	2
5791	3
5792	-1
5793	1
5794	1
5795	7
5796	7
5797	5
5798	-3
5799	6
58	23
580	4
5800	1
5803	1
5804	4
5805	6
5806	3
5807	3
5808	2
5809	1
581	9
5811	1
5812	3
5814	-1
5816	1
582	1
5820	2
5821	1
5822	-1
5823	-1
5824	1
5826	2
5827	2
5828	2
5829	-1
583	2
5831	1
5832	4
5833	-1
5834	1
5835	2
5836	2
5837	1
5838	4
5839	7
584	18
5840	1
5841	0
5842	-1
5843	10
5844	1
5845	2
5847	11
5849	15
585	3
5851	8
5853	4
5854	3
5855	6
5856	3
5858	1
5859	2
586	7
5860	3
5861	3
5863	6
5864	6
5865	3
5866	1
5867	0
5868	6
5869	4
587	7
5871	4
5873	-1
5874	3
5875	7
5877	3
5878	9
5879	8
588	5
5880	6
5881	2
5882	2
5883	1
5884	1
5887	1
5888	1
589	1
5891	1
5892	1
5896	1
5898	1
5899	1
59	23
5900	2
5903	2
5904	1
5905	1
5906	2
5907	2
5908	1
5909	3
5910	1
5913	2
5914	7
5916	6
5918	2
5919	6
592	8
5920	2
5921	5
5922	8
5923	6
5925	1
5926	4
5928	4
5929	1
593	2
5931	3
5932	0
5933	2
5935	7
5936	2
5937	1
5938	1
5939	7
594	4
5940	10
5942	3
5943	4
5944	3
5945	2
5947	6
5948	2
5949	6
595	3
5950	1
5951	1
5952	1
5954	1
5955	4
5958	6
596	2
5960	-2
5962	-1
5963	-3
5964	-1
5965	1
5966	-2
5967	-3
5969	1
597	7
5972	1
5973	3
5976	1
5977	1
5978	3
5979	5
598	12
5981	1
5983	1
5984	1
5985	1
5986	1
5987	1
5988	1
5989	3
599	8
5991	2
5992	11
5993	4
5994	3
5995	13
5997	3
5998	1
6	111
600	2
6001	1
6002	2
6003	4
6004	3
6005	-1
6006	5
6007	2
6008	2
6009	1
601	4
6010	1
6011	6
6014	3
6015	6
6016	5
6017	4
6018	4
6019	8
602	1
6020	3
6021	5
6022	8
6023	2
6024	2
6025	0
6029	3
6031	1
6032	3
6033	0
6034	1
6036	-1
6037	14
6038	3
6039	1
604	1
6040	5
6041	3
6042	4
6043	7
6044	7
6045	2
6046	4
6047	6
6048	5
6049	2
6050	3
6051	2
6052	10
6053	6
6054	3
6055	3
6056	1
6057	4
6058	8
6059	2
606	2
6060	2
6061	2
6063	9
6064	1
6067	7
6068	5
6069	4
607	0
6070	5
6072	3
6073	-2
6075	5
6076	1
6077	3
6078	2
608	1
6080	1
6081	3
6082	3
6083	2
6088	1
6089	1
609	2
6090	1
6091	6
6093	2
6094	4
6098	1
6099	1
61	13
610	4
6100	6
6101	3
6102	1
6103	2
6105	3
6106	2
6107	1
6108	4
6109	1
611	8
6110	1
6113	2
6114	9
6115	8
6116	8
6117	4
6118	6
612	3
6120	5
6121	2
6123	2
6126	1
6127	-2
6128	1
6129	-1
613	7
6130	6
6131	6
6132	1
6134	1
6136	2
6137	1
6139	1
614	1
6141	5
6142	1
6143	9
6144	3
6145	2
6146	3
6147	2
6149	1
615	14
6150	2
6151	4
6152	2
6153	1
6155	1
6157	-3
6158	6
6159	1
616	4
6160	2
6161	12
6162	4
6163	1
6164	1
6165	5
6166	-4
6167	2
6168	7
617	8
6170	3
6171	2
6172	7
6173	7
6174	8
6175	5
6176	1
6177	7
6178	0
6179	3
618	2
6180	4
6181	-1
6182	1
6183	3
6184	4
6185	2
6186	10
6187	4
6188	5
619	6
6190	3
6191	1
6192	-1
6193	4
6194	2
6195	8
6196	6
6197	5
6198	1
6199	4
62	8
620	1
6200	3
6201	8
6202	13
6203	3
6205	6
6206	9
6207	3
6208	7
6209	1
621	7
6212	1
6213	1
6214	1
6216	3
6218	1
6219	2
622	9
6220	2
6221	4
6223	3
6224	8
6226	1
6227	8
6228	10
6229	5
623	2
6232	1
6233	1
6235	11
6236	4
6237	8
6238	3
6239	1
624	1
6240	1
6241	2
6242	4
6243	6
6244	4
6245	1
6246	1
6247	2
6248	1
6249	12
625	8
6251	15
6254	7
6257	1
6258	1
626	1
6260	1
6264	4
6268	2
6269	2
627	1
6270	2
6271	4
6272	6
6273	6
6274	9
6275	1
6276	3
6278	8
6279	4
628	1
6280	-1
6281	5
6282	-2
6283	-1
6284	2
6285	1
6286	5
6287	1
6288	4
629	1
6290	7
6291	5
6292	1
6293	3
6294	2
6297	2
6298	8
630	2
6300	2
6301	2
6302	1
6303	7
6304	2
6305	6
6306	4
6307	1
6308	5
6309	4
631	4
6310	2
6311	2
6312	4
6313	3
6314	3
6315	3
6316	0
6317	1
6319	4
632	1
6321	3
6322	1
6323	1
6324	7
6325	1
6326	3
6327	3
6328	5
6329	9
633	12
6330	2
6332	7
6333	2
6334	2
6335	-1
6336	4
6337	6
6338	5
6339	6
6340	1
6341	2
6342	1
6343	4
6344	1
6345	3
6346	1
6347	6
6348	2
6349	19
635	3
6350	4
6351	1
6352	2
6353	5
6354	2
6355	5
6356	6
6357	-1
6358	3
6359	6
636	3
6361	3
6362	9
6363	3
6364	6
6365	3
6366	2
6368	4
6369	1
637	1
6370	22
6371	7
6372	11
6374	17
6375	2
6376	6
6377	-2
6378	6
638	1
6380	3
6382	3
6383	3
6385	1
6386	2
6387	2
6388	6
6389	-1
639	7
6391	2
6392	4
6393	1
6394	1
6395	14
6398	1
640	4
6400	3
6401	1
6402	1
6403	1
6404	10
6405	6
6406	1
6407	-1
6409	3
641	5
6411	1
6413	3
6415	-1
6416	2
6417	1
6418	4
6419	5
642	7
6420	1
6421	2
6424	1
6426	21
6427	1
6429	5
6430	4
6431	3
6432	2
6433	5
6434	5
6437	1
6438	3
6439	6
644	8
6440	0
6441	-1
6442	5
6444	5
6445	2
6446	5
6448	3
6449	3
645	1
6450	5
6451	2
6452	3
6453	1
6456	2
6457	3
6458	1
6459	1
646	1
6460	-1
6461	2
6462	3
6463	7
6464	2
6465	1
6467	-1
6468	3
6469	5
647	5
6470	3
6471	3
6472	3
6473	0
6474	5
6475	1
6476	1
6477	4
6478	2
648	5
6480	-2
6482	3
6483	3
6485	2
6486	1
6488	2
6489	5
649	7
6491	5
6492	3
6493	2
6496	2
6497	1
6498	1
6499	2
65	9
650	5
6500	5
6501	2
6502	6
6503	5
6505	6
6507	10
6508	5
6509	5
651	3
6510	10
6512	3
6513	3
6516	1
6517	1
6518	5
6519	1
652	7
6520	1
6521	1
6523	10
6524	1
6525	1
6527	1
653	11
6530	3
6531	1
6534	0
6536	-2
6537	2
6538	0
6540	4
6541	2
6542	1
6544	2
6545	2
6546	3
6547	2
6549	1
655	6
6551	1
6552	3
6553	3
6554	4
6555	1
6556	4
6557	1
6558	8
6559	5
656	4
6560	5
6561	3
6563	1
6564	1
6565	1
6566	6
6567	2
657	3
6570	2
6571	1
6572	1
6573	2
6574	4
6575	-1
6576	3
6577	5
6578	1
6579	-1
658	6
6580	1
6581	1
6582	4
6583	1
6584	1
6585	3
6587	7
6588	7
6589	6
659	2
6590	2
6593	2
6594	7
6595	3
6596	3
6597	3
6599	2
66	4
660	1
6600	2
6601	1
6602	5
6603	2
6604	2
6605	2
6606	1
6607	1
6608	4
6609	3
661	11
6610	4
6611	6
6613	2
6614	4
6615	4
6616	1
6619	1
662	3
6620	-1
6621	6
6622	4
6623	8
6624	4
6626	2
6628	2
6629	1
663	1
6631	4
6632	1
6633	1
6634	2
6635	1
6636	2
6638	2
6639	2
6641	2
6642	3
6643	1
6646	1
6647	1
6649	8
665	6
6650	3
6651	1
6652	1
6653	1
6654	6
6656	1
6659	3
666	4
6661	4
6662	1
6664	6
6665	3
6666	2
6667	0
6668	4
6669	2
667	8
6671	2
6672	5
6673	7
6674	1
6675	10
6676	2
6677	5
6678	3
6679	5
668	8
6680	2
6681	5
6682	5
6683	1
6684	2
6685	5
6686	18
6687	2
6688	7
6689	3
669	7
6690	3
6691	2
6692	4
6693	1
6694	7
6695	39
6696	2
67	7
670	11
6702	2
6704	1
6705	2
6706	2
6707	4
6708	2
6709	3
671	17
6710	2
6711	2
6712	1
6713	1
6714	6
6715	2
6716	1
6717	3
6718	1
6719	1
672	1
6720	2
6721	2
6722	1
6723	3
6724	3
6725	2
6726	2
6727	19
6728	3
6729	5
673	3
6730	-1
6731	1
6732	0
6733	1
6734	3
6735	1
6737	1
6738	2
6739	1
674	4
6740	2
6741	1
6742	1
6746	3
6747	3
6748	3
675	6
6751	2
6753	7
6754	6
6756	1
6758	2
6759	2
676	3
6761	5
6762	3
6763	3
6764	1
6765	5
6766	5
6767	5
6768	4
6769	3
677	6
6770	4
6771	3
6772	3
6775	5
6777	2
6778	1
6779	1
678	8
6780	2
6781	5
6782	1
6783	0
6784	3
6785	4
6786	2
6787	6
6788	3
6789	2
679	12
6790	3
6792	1
6793	2
6795	6
6796	2
6799	1
68	12
680	9
6800	3
6801	5
6802	1
6803	3
6804	1
6805	1
6806	2
6808	4
681	5
6811	1
6812	4
6813	4
6814	1
6815	4
6816	5
6817	2
6818	1
6819	5
682	5
6820	3
6821	1
6822	4
6823	1
6824	1
6825	4
6826	3
6827	-2
6828	38
6829	2
683	2
6830	11
6831	1
6832	8
6834	1
6835	1
6836	66
6837	3
684	3
6840	1
6841	6
6842	14
6843	4
6844	2
6845	5
6846	2
6847	4
6848	1
6849	2
685	18
6850	3
6851	1
6853	3
6854	3
6856	-1
6857	3
6858	6
6859	1
686	1
6860	-1
6861	10
6862	3
6863	1
6865	1
6866	4
6867	2
6868	-1
687	12
6870	1
6871	3
6872	6
6875	1
6876	1
6878	-1
6879	2
6881	2
6882	3
6883	1
6884	1
6887	1
6888	9
6889	2
689	-1
6890	2
6891	1
6892	4
6893	5
6894	9
6895	3
6896	1
6897	1
6898	4
6899	3
69	1
690	1
6900	1
6902	2
6905	6
6907	4
6908	1
6909	4
691	1
6910	2
6912	3
6913	-1
6914	1
6915	1
6917	2
6918	2
6919	4
692	2
6920	9
6921	2
6922	0
6923	2
6924	1
6926	3
6927	3
6928	3
6929	3
693	3
6930	9
6931	0
6933	4
6934	6
6937	2
6938	4
6939	2
694	8
6940	4
6941	1
6942	2
6943	3
6944	-1
6946	-1
6948	1
6949	3
695	4
6950	2
6952	1
6953	1
6956	5
696	2
6961	3
6962	2
6963	3
6965	2
6966	1
6968	1
697	1
6970	9
6972	5
6973	7
6974	4
6975	2
6976	1
6977	2
6978	1
698	1
6980	7
6982	-1
6983	0
6984	11
6985	2
6987	0
6988	2
6989	1
699	2
6990	1
6992	2
6993	1
6994	19
6995	7
6996	3
6997	1
6998	6
6999	2
70	34
700	1
7002	3
7003	5
7004	2
7005	-4
7006	1
7007	1
7008	5
7009	4
7010	5
7011	5
7012	1
7013	5
7014	4
7015	22
7016	3
7017	7
7019	3
702	1
7020	4
7023	3
7024	2
7025	1
7026	2
7027	2
7028	1
7029	5
703	0
7030	4
7032	1
7033	3
7034	2
7036	6
7037	2
7038	1
7039	2
704	6
7040	2
7041	2
7042	1
7043	1
7044	4
7045	2
7046	3
7047	3
7048	1
7049	2
705	5
7052	1
7053	2
7055	-1
7056	2
7059	2
706	1
7060	1
7062	2
7063	1
7064	4
7065	3
7066	4
7069	1
707	2
7071	-1
7074	1
7075	3
7076	6
7077	6
7078	2
7079	2
708	1
7080	5
7082	1
7083	2
7084	2
7087	2
7088	2
7089	1
709	2
7091	1
7093	1
7096	1
7097	10
7098	4
7099	1
71	8
710	3
7100	6
7101	3
7102	4
7103	1
7104	1
7105	1
7108	7
711	5
7110	3
7111	-1
7113	1
7114	3
7115	1
7116	2
7117	2
7119	1
712	30
7120	4
7121	2
7122	2
7124	1
7126	1
7127	8
7128	2
7129	3
713	0
7130	3
7132	1
7133	1
7134	11
7135	13
7136	1
7137	4
7138	1
7139	2
714	21
7140	1
7141	7
7143	1
7144	2
7145	1
7146	1
7147	3
7148	10
715	6
7150	3
7151	2
7152	2
7156	1
7158	1
7159	-1
716	7
7160	0
7161	1
7162	1
7163	1
7164	1
7165	1
7166	3
7167	1
7168	9
7169	11
717	3
7171	1
7172	5
7173	3
7174	4
7175	3
7176	4
7179	1
718	43
7180	2
7181	2
7182	1
7183	4
7184	4
7187	1
7188	0
7189	4
719	44
7190	5
7191	1
7193	2
7194	4
7195	1
7196	5
7197	1
7198	2
72	11
720	12
7200	1
7201	2
7202	2
7203	1
7206	2
7207	2
7208	5
7209	3
721	4
7214	1
7215	1
7216	1
7217	6
7218	7
7219	7
722	2
7220	1
7221	2
7222	5
7223	4
7224	3
7225	9
7227	5
7228	3
7229	2
723	2
7231	9
7232	4
7233	1
7234	2
7235	2
7236	2
7237	5
7238	2
7239	4
724	5
7240	-1
7241	2
7243	1
7244	4
7245	3
7246	2
7247	2
7248	1
725	4
7250	3
7251	1
7252	3
7253	5
7254	2
7256	5
7258	3
7259	5
7261	6
7262	1
7263	4
7264	3
7265	4
7267	4
7268	2
7269	1
727	3
7270	3
7272	2
7273	1
7274	1
7275	1
7276	1
7277	1
7278	5
728	6
7280	2
7281	1
7284	-3
7285	0
729	1
7290	2
7291	4
7292	1
7293	3
7296	3
7297	5
7298	2
7299	2
73	-1
730	2
7300	10
7301	3
7302	2
7303	2
7304	2
7305	4
7306	1
7307	3
7308	2
7309	12
7310	7
7312	7
7315	1
7318	1
7319	5
732	8
7320	3
7321	3
7322	1
7323	3
7324	2
7325	3
7326	1
7327	1
7328	1
733	1
7330	7
7331	5
7332	4
7333	3
7334	7
7335	5
7336	1
7337	-1
7338	2
7339	1
734	2
7340	2
7341	1
7342	1
7344	2
7345	1
7347	9
7348	1
7349	3
735	3
7351	1
7353	5
7356	2
7357	0
7358	3
7359	2
736	5
7360	2
7361	2
7362	2
7363	4
7364	6
7365	5
7366	7
7367	3
737	6
7370	1
7371	8
7372	-1
7373	6
7374	3
7375	4
7376	1
7377	6
7378	2
7379	1
738	2
7380	1
7381	2
7382	6
7384	6
7385	2
7386	2
7388	2
7389	-1
739	6
7390	15
7391	4
7392	1
7396	3
7397	6
7398	7
7399	-3
74	10
740	1
7400	-1
7401	-1
7402	1
7403	6
7404	4
7405	3
7407	10
7409	1
741	2
7410	2
7411	4
7412	4
7413	-1
7414	2
7415	2
7418	3
742	-2
7420	3
7421	3
7422	1
7423	4
7424	2
7425	1
7427	6
7428	3
7429	1
743	-1
7430	3
7432	1
7433	1
7434	1
7435	7
7437	8
7438	8
7439	3
744	2
7440	3
7441	1
7442	5
7443	11
7445	1
7446	6
7447	2
7448	1
7449	19
7450	11
7452	5
7453	11
7454	7
7456	1
7457	1
7458	4
7459	4
746	2
7460	9
7462	2
7465	6
7466	2
7469	2
747	2
7470	5
7471	1
7472	8
7473	1
7474	3
7475	6
7476	-1
7477	2
7479	8
748	2
7482	3
7483	8
7484	4
7485	6
7486	7
7487	4
7488	0
7489	2
749	5
7490	0
7491	7
7492	1
7493	6
7494	13
7495	9
7496	-1
7497	3
7498	2
7499	1
75	9
750	2
7500	2
7501	4
7503	-2
7504	1
7505	5
7506	-1
7507	5
7508	5
7509	-1
751	3
7510	7
7511	5
7512	1
7513	10
7514	3
7515	1
7517	5
7518	1
7519	-1
752	13
7520	2
7521	2
7522	3
7523	4
7524	10
7525	4
7526	5
7527	5
7528	1
7529	3
753	3
7530	7
7531	1
7532	2
7533	2
7534	1
7535	3
7536	1
7537	3
7538	5
754	1
7540	3
7541	1
7542	4
7543	2
7544	4
7545	4
7546	1
7547	2
7548	3
7549	3
755	0
7550	4
7551	3
7552	2
7553	7
7554	7
7555	1
7556	8
7557	0
7558	12
7559	1
756	2
7560	7
7561	8
7562	-2
7563	2
7564	4
7565	1
7566	2
7567	3
7568	5
7569	3
757	3
7570	2
7571	1
7572	6
7573	1
7574	5
7575	2
7577	1
7578	4
7579	7
758	3
7580	10
7581	6
7582	5
7583	4
7584	2
7585	2
7586	4
7587	7
7588	6
7589	1
759	16
7590	-1
7591	3
7592	1
7594	1
7597	1
7598	2
7599	1
76	7
760	25
7600	1
7601	-1
7602	0
7603	1
7604	-1
7605	1
7606	1
7607	1
7608	9
7609	1
761	1
7610	1
7611	1
7612	6
7613	2
7614	1
7615	2
7616	2
7617	2
762	7
7622	6
7623	5
7624	3
7628	5
7629	3
763	3
7630	3
7632	-1
7633	7
7634	6
7635	1
7636	3
7637	6
7638	2
764	25
7640	5
7641	4
7642	19
7643	1
7644	2
7645	2
7646	2
7648	1
7649	15
7651	2
7652	3
7655	3
7656	1
7657	1
7658	1
766	1
7660	7
7661	5
7662	2
7663	3
7665	4
7666	6
7667	2
767	2
7670	1
7671	1
7672	12
7674	5
7675	4
7676	6
7677	6
7678	4
7679	0
7681	3
7683	2
7684	2
7685	5
7686	3
7687	6
7689	5
769	11
7690	1
7691	4
7692	3
7694	1
7696	1
7697	2
7698	5
7699	1
77	4
770	8
7700	7
7702	1
7703	1
7704	2
7705	1
7706	2
7708	2
7709	3
771	8
7710	1
7711	2
7712	3
7713	3
7714	3
7715	2
7716	-2
7717	1
7718	3
7719	3
772	2
7720	3
7721	4
7722	6
7723	1
7724	1
7726	1
7727	8
7728	2
7729	4
7731	4
7732	2
7734	3
7735	3
7737	6
7738	2
7739	4
774	4
7741	2
7745	3
7746	1
7747	2
7748	2
7749	1
775	2
7750	5
7751	2
7752	4
7753	6
7754	2
7755	1
7757	1
7758	2
7759	3
776	12
7761	2
7762	3
7763	-4
7764	6
7765	5
7766	6
7767	6
7768	1
7771	4
7772	3
7773	2
7774	1
7775	2
7776	2
7777	3
7778	6
7779	5
778	1
7780	3
7781	14
7782	2
7783	2
7784	3
7785	5
7786	4
7787	8
7788	5
7789	1
779	5
7790	4
7792	3
7793	4
7795	5
7796	3
7797	5
7798	5
78	17
780	3
7800	2
7802	6
7805	2
7806	4
7807	1
7808	1
7809	2
781	6
7810	5
7811	2
7813	1
7814	1
7816	-1
7817	3
7818	2
7819	0
782	2
7820	6
7821	3
7822	2
7823	3
7824	-2
7825	8
7826	4
7827	2
7828	-3
7829	9
783	1
7830	1
7831	4
7832	4
7833	4
7834	6
7835	3
7836	1
7837	5
7838	0
784	25
7841	7
7842	0
7843	6
7844	1
7845	6
7846	5
7847	1
7848	1
7849	3
785	1
7852	3
7853	1
7855	-2
7856	4
7857	1
7858	1
786	0
7860	5
7861	8
7862	-1
7863	7
7864	-3
7865	6
7866	7
7868	3
7869	8
787	3
7870	4
7872	2
7873	10
7874	3
7876	2
7877	3
7878	5
7879	10
788	1
7880	6
7881	2
7882	9
7883	6
7884	3
7885	1
7886	4
7888	4
7889	7
789	9
7890	9
7891	2
7892	2
7893	6
7894	3
7896	-3
7897	-6
7898	-1
7899	6
79	1
790	23
7900	2
7901	5
7902	7
7903	4
7904	6
7905	5
7906	1
7907	9
7908	4
7909	6
7910	1
7911	-1
7912	3
7916	3
7917	2
7918	5
7919	3
792	17
7921	6
7923	5
7924	3
7927	6
7928	4
7929	1
793	2
7930	5
7931	3
7932	2
7933	10
7934	-2
7935	2
7936	-3
7937	6
7938	3
7939	2
794	1
7940	4
7941	-2
7942	8
7943	16
7944	7
7945	3
7946	11
7947	1
7948	2
7949	2
795	5
7950	3
7951	3
7952	3
7953	1
7954	3
7955	6
7956	-1
7957	2
7959	9
796	2
7960	5
7961	5
7962	7
7963	2
7965	3
7966	2
7967	2
7969	1
797	7
7970	1
7971	1
7972	2
7974	2
7975	1
7976	3
7977	3
7978	4
7979	1
798	4
7980	1
7981	3
7982	11
7983	1
7985	1
7986	3
7987	4
799	10
7990	12
7991	3
7992	17
7993	4
7994	6
7995	9
7996	7
7998	2
7999	7
8	4
80	6
8000	3
8001	5
8002	3
8003	4
8004	1
8007	3
8008	1
8009	4
801	1
8010	-2
8011	1
8012	4
8013	1
8014	5
8015	2
8016	1
8017	3
8018	3
8019	3
802	2
8020	5
8021	1
8022	4
8023	3
8024	1
8025	2
8026	1
8027	1
8028	2
8029	1
803	5
8030	3
8031	1
8032	0
8033	5
8034	0
8035	1
8036	1
8037	0
8038	4
804	3
8041	1
8042	1
8044	7
8045	7
8046	3
8047	9
8048	9
8049	1
805	10
8050	4
8051	-1
8052	2
8053	3
8054	2
8055	10
8057	2
8058	3
8059	10
806	8
8062	5
8063	11
8064	2
8065	3
8066	8
8067	9
8068	7
8069	3
8070	15
8071	-3
8072	2
8073	3
8075	2
8077	3
8078	2
808	2
8080	4
8081	-2
8082	1
8083	5
8084	5
8085	2
8086	2
8088	2
8089	-3
809	1
8090	-2
8091	-1
8092	1
8093	5
8094	2
8095	5
8096	6
8097	5
8098	15
8099	1
81	6
8100	1
8101	2
8103	2
8105	2
8106	0
8107	-4
8109	1
811	16
8110	2
8111	3
8113	5
8114	1
8115	1
8116	1
8117	3
8118	4
8119	3
812	3
8120	8
8121	5
8123	1
8124	5
8126	6
8127	4
813	5
8130	3
8131	2
8133	1
8134	1
8135	2
8136	1
8137	1
8138	4
8140	1
8142	-2
8143	4
8144	2
8145	1
8146	1
8147	5
8148	2
8149	3
815	16
8150	2
8151	3
8152	2
8154	4
8156	1
8157	1
8158	2
816	2
8161	4
8162	6
8163	5
8164	2
8165	2
8167	1
8168	2
8169	2
817	1
8170	2
8171	2
8172	1
8173	1
8175	2
8176	4
8177	3
8178	10
8179	2
818	1
8180	5
8181	4
8182	4
8183	1
8184	10
8185	5
8186	-4
8187	3
8188	1
8189	6
819	0
8190	1
8191	1
8192	-1
8193	2
8194	6
8195	6
8196	4
8197	12
8198	8
8199	5
820	6
8200	2
8201	4
8202	3
8203	2
8204	1
8205	5
8206	-3
8207	4
8208	5
8209	1
821	2
8210	3
8212	-2
8214	2
8215	6
8216	3
8217	3
8218	2
8219	1
822	5
8221	9
8222	3
8223	6
8224	8
8225	6
8228	2
8229	2
823	2
8230	6
8231	6
8232	6
8233	-5
8234	5
8235	10
8237	10
8238	19
8239	41
824	2
8240	7
8241	6
8242	3
8245	1
8248	4
8249	1
825	1
8250	4
8251	3
8254	7
8255	4
8256	1
8257	2
8258	2
8259	3
826	1
8260	1
8261	-5
8262	5
8263	3
8264	3
8265	-2
8267	1
8268	1
8269	4
8270	2
8271	1
8272	6
8273	-2
8274	1
8275	1
8276	2
8277	1
8278	2
8279	2
828	1
8280	2
8281	3
8283	6
8284	3
8285	2
8286	1
8287	-3
8288	2
8289	5
829	2
8290	0
8291	1
8292	1
8293	5
8294	3
8295	5
8296	5
8299	7
83	4
830	5
8300	8
8301	3
8302	2
8303	-1
8304	4
8305	5
8306	1
8307	-1
8308	2
8309	1
831	5
8310	1
8312	4
8313	2
8314	-1
8315	6
8318	5
8319	1
832	4
8320	5
8322	3
8323	7
8324	5
8325	4
8326	-1
8328	1
8330	3
8331	1
8332	7
8335	0
8336	2
834	6
8340	3
8341	4
8343	-4
8346	1
8347	3
8348	4
8349	2
8350	1
8351	3
8352	4
8354	-2
8355	3
8356	2
8357	1
836	2
8361	2
8362	1
8364	3
8365	1
8366	3
8368	7
8369	1
837	1
8370	1
8371	2
8372	3
8373	5
8374	4
8375	3
8377	2
8379	3
838	5
8381	3
8382	1
8383	1
8387	3
839	4
84	11
840	10
842	3
843	13
844	7
845	13
848	3
849	4
85	3
850	6
851	3
852	3
853	5
854	1
855	3
856	3
857	0
858	2
859	1
86	14
860	4
861	5
863	3
865	2
866	1
867	4
868	7
869	16
87	12
870	32
871	4
872	57
873	5
874	2
875	2
876	2
877	1
878	2
879	2
88	-4
880	1
881	6
882	1
883	3
884	3
885	3
886	6
887	1
888	3
889	7
89	2
890	59
891	1
892	1
893	1
894	11
895	9
896	1
897	8
898	8
899	0
9	21
90	48
900	11
901	-2
902	4
903	4
904	6
905	3
906	4
907	17
908	3
909	13
91	7
910	4
911	6
912	5
913	11
914	1
915	2
916	3
917	2
918	17
92	4
920	2
921	15
922	10
923	7
927	3
928	2
929	13
93	2
931	2
933	3
934	3
935	-1
936	5
938	32
9387	7
9388	3
939	7
9390	6
9391	4
9392	2
9393	1
9394	4
9395	4
9396	1
9397	3
9398	5
9399	3
94	3
940	0
9402	2
9403	3
9405	2
9406	3
9407	1
9409	5
941	2
9410	2
9411	7
9412	8
9414	1
9415	-3
9416	-4
9417	3
9418	2
9419	5
942	4
9421	1
9422	7
9423	12
9425	10
9426	12
9427	12
9428	4
9429	1
9430	3
9431	1
9432	6
9433	1
9434	7
9436	5
9437	6
9439	8
944	3
9440	5
9441	8
9442	3
9443	4
9444	2
9445	1
9446	1
9447	1
9448	1
9449	2
9450	0
9454	5
9455	2
9457	-1
9458	3
9459	5
946	4
9460	1
9461	1
9462	2
9464	2
9465	5
9466	-1
9468	2
9469	-1
947	10
9470	1
9471	2
9472	-2
9474	2
9475	1
9476	-1
9477	8
9479	2
948	1
9480	6
9481	2
9482	4
9483	6
9485	2
9487	1
9488	2
949	2
9490	8
9491	-1
9492	1
9494	6
9495	1
9496	1
9497	1
9499	2
95	22
950	1
9500	-3
9501	4
9502	1
9503	3
9505	1
9506	0
9507	1
9508	5
9509	2
951	15
9510	0
9511	1
9512	1
9514	1
9515	5
9517	3
9518	3
9519	2
952	1
9520	3
9521	1
9522	3
9523	1
9524	5
9525	2
9526	2
9529	1
953	4
9530	3
9531	-1
9532	2
9533	-3
9534	2
9538	3
9539	5
954	3
9541	6
9542	4
9545	1
9546	3
9547	4
9548	2
955	4
9550	1
9551	1
9552	2
9553	6
9554	3
9555	3
9556	4
9557	2
9559	1
956	4
9560	3
9561	2
9563	3
9564	-3
9565	3
9566	5
9567	1
9569	11
957	2
9570	7
9571	5
9572	2
9573	5
9574	3
9575	3
9576	2
9577	10
9578	3
9579	2
958	2
9581	7
9582	1
9583	4
9584	4
9585	8
9587	0
9588	3
9589	1
959	5
9590	3
9591	3
9592	2
9593	3
9594	2
9595	3
9596	3
9597	4
9598	2
9599	2
96	45
960	8
9600	4
9603	7
9604	2
9606	5
9607	7
9608	5
9609	5
961	5
9610	5
9611	2
9612	2
9614	6
9615	6
9617	1
9618	5
9619	5
9620	4
9621	6
9622	5
9623	1
9624	1
9625	5
9626	4
9627	5
9629	1
963	6
9630	0
9631	3
9633	1
9634	4
9635	2
9636	-3
9637	5
9639	1
964	3
9640	4
9641	2
9642	4
9643	6
9644	3
9645	5
9647	4
9649	6
965	14
9650	6
9651	4
9652	4
9653	-1
9654	4
9655	4
9656	1
9657	-1
9658	3
966	2
9660	4
9661	5
9662	2
9663	1
9666	-1
9667	5
9668	3
9669	1
967	2
9672	1
9673	2
968	6
9682	4
9683	5
9684	5
9685	3
9688	2
9689	1
969	18
9690	3
9691	4
9692	4
9693	3
9694	5
9695	3
9696	3
9697	6
9698	1
9699	4
97	13
970	6
9700	2
9701	1
9702	4
9704	2
9705	-3
9708	1
9709	2
971	9
9710	5
9711	5
9712	2
9716	4
9717	6
9718	4
9719	4
972	10
9720	5
9721	4
9722	2
9723	7
9724	5
9725	12
9726	2
9727	15
9728	3
9729	4
973	0
9730	3
9731	2
9732	2
9733	-1
9734	5
9735	6
9736	1
9737	5
9738	6
974	11
9740	2
9742	2
9743	-1
9744	-1
9745	7
9746	3
9747	6
9748	1
9749	1
975	2
9750	-2
9751	5
9752	1
9754	6
9756	1
9757	1
9759	4
976	6
9760	1
9762	-1
9763	2
9765	1
9768	9
9769	3
977	6
9770	3
9771	4
9773	12
9775	5
9776	4
9777	0
9778	10
9779	5
978	4
9780	2
9781	3
9782	7
9783	2
9784	2
9785	9
9786	4
9788	-1
9789	6
979	3
9790	3
9791	1
9792	3
9793	5
9794	6
9795	1
9796	1
9797	1
9799	1
98	15
980	10
9800	3
9801	5
9802	6
9803	1
9805	6
9806	3
9807	3
9808	6
9809	-1
981	1
9810	6
9811	3
9812	14
9813	1
9814	1
9815	1
9816	-1
9817	5
9818	-1
9819	3
982	2
9820	2
9821	0
9822	1
9823	-2
9824	1
9825	0
9826	5
9827	1
9829	4
9831	1
9833	5
9834	1
9835	5
9836	5
9837	-2
9838	11
9839	1
984	12
9841	4
9842	10
9843	5
9844	-4
9845	7
9846	2
9847	-4
9849	6
985	4
9850	5
9851	3
9852	5
9853	-1
9854	-3
9855	3
9856	4
9857	4
9858	3
9859	1
986	3
9860	4
9861	4
9862	8
9863	1
9864	-4
9865	2
9866	10
9867	15
9868	2
9869	2
9870	4
9872	4
9874	6
9875	5
9876	2
9877	2
9878	2
9879	-1
988	4
9880	5
9881	8
9882	3
9883	3
9884	1
9885	3
9886	3
9887	9
9888	6
9889	2
989	-1
9890	6
9891	2
9892	9
9893	12
9894	5
9895	2
9896	1
9897	-1
9899	-1
99	2
990	8
9901	1
9902	4
9903	1
9904	7
9905	-1
9906	10
9907	5
9908	8
991	5
9910	11
9911	-1
9912	1
9913	1
9914	2
9915	4
9916	2
9917	5
9918	2
9919	3
992	4
9920	8
9922	5
9923	9
9924	3
9925	10
9926	-5
9927	-4
9928	7
9929	-2
993	11
9930	3
9932	-3
9933	7
9937	3
9939	2
994	1
9940	-4
9941	5
9942	3
9943	2
9944	3
9945	1
9946	3
9947	-1
9948	-1
9949	1
995	3
9950	1
9951	3
9952	3
9953	0
9954	2
9955	3
9956	10
9957	7
9958	4
9959	3
996	3
9960	4
9961	2
9962	7
9963	9
9964	3
9966	2
9967	6
9968	6
9969	4
997	4
9971	10
9972	2
9973	-1
9974	5
9975	1
9976	2
9977	3
9978	3
9979	12
998	6
9980	1
9981	1
9983	1
9984	5
9985	3
9986	4
9987	6
9988	0
999	7
9990	2
9991	4
9992	4
9993	3
9994	3
9995	5
9996	1
9997	5
9998	6
9999	11
