10033
10034
10035
10036
10037
10038
10039
10040
10042
10043
10047
10048
10049
10050
10093
10094
10107
10128
10141
10189
10243
10245
10246
10343
10344
10361
10371
10372
11424
11425
11440
11441
11446
11451
11512
11541
11569
11710
11717
11745
11746
11747
11748
11749
11750
11751
11752
11753
11754
11755
11756
11757
11758
11759
11760
11761
11762
11763
11764
11765
11767
11768
11769
11770
11771
11772
11773
11774
11775
11776
11777
11778
11832
11892
11940
11964
11989
11990
11994
12022
12023
1207
1208
1209
1210
1211
1212
12147
1217
1218
12197
1220
1221
12261
12289
12307
12308
12366
12384
12402
12414
12429
12453
12478
12525
12639
12785
12786
12787
12788
12892
12914
12915
12955
12956
12958
12959
12960
12961
12962
12963
12966
12967
12994
12995
13017
13018
13049
13084
13141
13308
13320
13321
13371
13398
13406
13407
13440
13441
13446
13517
13545
13631
13636
13643
13644
13707
13729
13734
13737
13740
13743
13751
13846
13850
13852
13857
13869
13894
13895
13896
13897
13902
13903
13904
13905
13906
13907
13999
14113
14234
14297
1430
1431
14345
14346
14350
14492
14494
14522
14666
14745
14773
14810
14823
14824
14850
14860
14878
14961
15078
15086
15087
15173
15174
15233
15570
15571
15691
15763
15767
15928
16017
16070
16082
16083
16104
16123
16127
16136
16143
16144
16195
16210
16270
16279
16285
16295
16300
16302
16311
16315
16341
16345
16350
16355
16360
16362
16367
1793
1794
2357
2358
303
304
3070
3071
3356
3357
3359
3360
3361
3362
3381
3382
3383
3384
3394
3395
3427
3428
3429
3430
3439
3440
3445
3506
3507
3520
3521
3561
3562
3575
3576
3577
3578
3579
3580
3581
3582
3583
3584
3585
3586
3587
3588
3589
3590
3591
3592
3593
3594
3595
3596
3597
3598
3599
3600
3601
3602
3603
3604
3605
3606
3607
3608
3609
3610
3611
3612
524
525
526
527
528
529
530
531
5412
5413
5449
5450
5554
5703
5753
5998
6084
6085
6086
6087
6137
6257
6266
6267
63
6330
6497
6616
6838
6839
6935
6936
7048
7215
7433
7463
7464
7467
7468
7480
7481
7573
7576
7618
7619
7626
7627
7653
7654
7668
7669
7914
7915
7979
7988
7989
8146
8159
8160
8243
8244
8246
8247
8249
8252
8253
8297
8298
8362
925
926
9400
9401
9495
9496
9535
9536
9601
9602
9656
9674
9675
9676
9677
9678
9679
9680
9681
9706
9707
9714
9715
9778
9799
9831
9934
9935
